Slope_clipped.asc
NCOLS 451
NROWS 307
XLLCORNER 778910.0000000000
YLLCORNER 205282.0000000000
CELLSIZE 2.000000
NODATA_VALUE -99999.00
[rows 204 to 237 of 307, columns 231 to 307 of 451]
19.31 20.03 19.84 23.79 25.17 28.49 29.09 28.54 24.42 24.94 23.43 26.52 31.65 32.51 30.18 28.14 27.62 26.31 25.63 23.31 25.45 24.03 24.36 28.65 28.29 28.22 25.99 25.77 26.97 30.14 31.04 30.76 23.87 22.82 26.93 24.66 20.45 19.26 25.06 27.31 32.07 31.71 33.26 32.57 37.54 36.39 31.65 36.29 37.68 36.74 29.35 29.00 26.57 29.16 25.72 20.45 24.62 27.93 25.82 28.58 30.29 29.36 22.80 21.58 23.36 24.11 27.92 28.33 24.73 25.84 28.71 23.81 24.30 31.37 35.80 33.58 33.55
20.34 19.53 20.62 20.76 22.03 25.84 26.49 25.45 22.00 20.72 19.73 24.15 26.13 28.66 27.99 25.26 26.38 26.88 24.96 25.60 28.01 27.61 27.21 29.79 31.03 31.62 23.39 21.75 25.96 26.84 29.94 30.90 28.72 25.10 22.21 23.21 18.84 17.91 21.77 26.51 29.28 32.26 31.14 35.99 32.82 28.93 27.00 28.53 31.65 36.13 30.71 28.77 25.68 30.66 32.72 32.15 31.54 34.10 33.26 30.73 28.15 25.81 28.64 26.77 26.41 27.31 31.35 29.65 27.49 25.58 28.16 25.23 23.92 27.22 33.28 33.08 33.50
19.86 18.88 20.84 20.02 22.19 23.46 25.26 23.49 20.71 20.19 19.69 20.92 21.89 22.86 26.29 25.22 22.66 24.01 23.44 23.02 25.94 29.60 29.55 27.25 32.83 33.33 24.03 17.31 21.07 25.80 28.74 31.37 31.74 27.47 25.33 23.06 23.76 20.36 22.05 23.60 26.86 29.55 30.85 34.63 25.33 24.06 23.92 26.58 29.14 28.50 29.08 25.98 27.44 31.05 34.05 35.43 33.82 35.09 35.70 34.05 32.91 30.18 28.30 31.07 30.74 28.59 30.80 28.74 28.31 28.50 24.76 25.90 25.43 27.17 24.39 25.11 25.09
17.70 18.16 17.40 18.53 21.62 20.03 21.52 23.06 23.20 20.95 22.71 25.12 24.16 26.56 27.88 29.02 23.67 21.18 21.70 21.31 21.85 28.85 30.25 30.66 35.74 33.44 26.64 20.75 20.31 22.23 26.97 31.66 30.80 30.01 32.06 29.33 25.14 25.99 26.81 29.81 30.57 30.25 28.95 22.99 16.06 23.83 26.31 23.20 27.23 25.97 28.18 23.94 26.13 29.80 32.68 33.26 31.30 30.37 33.76 33.64 36.01 35.62 35.19 33.28 31.66 30.69 27.13 29.93 28.19 30.28 28.95 28.27 27.11 27.74 22.32 23.75 26.78
18.23 18.64 16.96 17.14 16.35 15.41 16.11 18.75 22.36 23.97 25.13 24.20 19.31 23.57 28.43 30.86 29.03 21.84 18.57 18.69 18.38 25.23 29.88 34.67 37.16 33.90 29.08 23.54 23.77 24.80 25.67 27.73 28.38 27.62 29.56 34.22 31.31 30.16 30.22 32.60 30.87 30.80 23.97 18.25 16.05 19.32 28.55 25.43 25.36 28.46 29.24 26.84 26.93 25.75 30.59 29.95 30.89 28.79 29.00 29.53 34.51 36.85 36.96 37.73 34.84 31.92 29.36 28.76 30.92 31.01 31.48 31.53 27.40 26.30 26.70 28.68 28.91
17.99 18.82 17.04 15.17 13.93 13.44 12.89 14.72 17.92 21.13 20.88 14.19 11.65 11.91 18.42 24.47 27.57 23.59 17.57 16.06 19.70 21.24 26.68 35.77 37.10 34.78 32.20 24.96 23.14 23.71 24.88 24.43 25.90 23.26 23.48 29.27 33.32 32.80 28.41 25.59 25.35 26.37 25.61 24.76 24.01 20.67 26.64 28.22 22.71 23.05 26.57 26.47 24.83 23.56 24.69 28.11 29.44 29.38 25.84 27.71 32.19 36.97 35.45 36.38 37.34 35.11 33.44 32.20 30.55 29.91 30.20 30.21 29.48 26.59 29.42 30.19 26.56
16.17 17.32 15.50 13.55 13.52 13.53 12.73 11.44 14.40 14.34 13.42 10.59 9.77 12.34 13.61 16.89 22.07 21.53 16.80 14.86 20.25 18.50 23.47 34.25 36.61 31.48 30.72 27.44 25.39 22.44 22.30 23.09 26.98 25.09 21.89 26.26 28.39 27.74 24.03 22.80 23.31 22.53 25.53 25.72 26.44 25.45 21.58 26.04 22.10 18.89 22.75 27.67 22.81 24.16 22.74 24.64 26.28 30.90 26.28 27.15 30.27 36.19 37.72 37.21 36.74 37.21 34.29 34.07 29.20 29.77 30.43 28.24 30.96 28.10 28.29 26.52 26.99
14.06 13.88 14.81 13.39 13.59 13.71 12.73 11.70 12.02 12.07 11.64 11.52 12.43 13.17 12.70 13.39 19.26 20.11 17.04 15.47 17.08 16.08 22.19 30.00 35.41 33.00 28.72 26.26 23.94 24.15 21.59 21.31 23.24 27.78 25.44 23.96 23.09 19.37 21.95 22.96 23.06 22.60 21.72 20.62 20.55 24.59 24.60 22.31 20.48 17.90 19.33 26.64 24.89 21.58 25.74 28.00 25.48 27.87 28.70 29.50 30.95 33.83 38.95 40.40 40.66 38.22 36.00 34.70 27.84 29.40 28.76 27.00 27.69 27.62 26.83 24.04 23.19
12.41 13.41 13.91 13.24 13.39 13.44 12.20 11.65 10.95 12.48 12.66 12.50 13.16 14.52 16.17 15.91 19.26 18.88 16.71 16.92 15.23 13.67 23.25 29.42 30.89 30.76 29.73 27.81 21.50 21.76 21.13 22.25 19.61 22.17 25.20 20.73 20.92 19.04 17.82 21.31 24.09 22.75 19.50 19.26 20.69 20.38 21.87 22.26 23.18 21.94 19.17 22.55 25.78 20.50 25.08 28.73 29.87 27.86 29.69 32.78 33.07 34.61 38.97 38.12 39.30 38.54 35.79 34.26 31.48 27.29 26.45 25.64 27.95 25.00 26.81 26.99 24.93
13.46 13.19 14.38 13.34 13.42 13.55 11.78 11.03 10.18 12.62 14.50 14.71 13.68 17.36 20.26 20.62 20.57 20.11 14.21 14.42 15.96 13.77 22.18 30.46 27.63 27.62 28.45 28.75 24.02 20.74 20.75 19.40 20.57 20.01 23.89 19.54 19.75 21.29 19.39 21.42 24.14 24.18 22.53 21.14 22.65 22.07 20.28 21.95 21.83 26.10 23.59 18.98 22.14 21.85 23.11 28.50 30.58 30.21 33.13 33.18 32.85 34.10 36.52 36.11 37.63 39.60 37.22 34.08 33.09 28.49 26.95 28.00 29.86 27.97 24.98 27.07 25.30
15.54 13.55 13.94 13.99 13.46 13.52 11.77 10.97 11.27 12.06 14.65 15.87 13.88 16.87 18.88 22.97 22.98 22.29 15.63 13.67 15.64 14.34 22.64 30.28 29.23 25.00 24.89 28.53 27.85 25.46 22.14 19.08 19.52 20.29 21.03 21.60 20.46 21.08 21.56 22.64 23.50 25.77 23.44 23.17 24.33 23.24 22.73 21.56 20.02 21.47 24.14 18.43 15.57 20.82 21.80 28.63 30.47 31.83 35.50 30.68 31.23 29.91 29.64 34.11 35.39 37.81 38.10 35.04 34.02 31.37 26.92 28.09 28.77 30.45 28.27 27.11 25.28
15.96 15.66 14.57 15.59 14.96 16.17 15.53 13.55 12.73 10.72 13.15 14.33 14.27 13.78 13.99 18.05 22.37 21.75 18.71 15.11 12.98 12.73 21.37 30.56 28.54 26.28 25.12 25.15 28.54 27.44 26.86 22.76 21.66 19.35 20.15 24.28 19.87 23.28 27.05 20.35 21.88 26.06 25.71 23.38 26.00 24.32 23.99 21.08 20.29 16.78 19.21 21.81 20.43 19.44 20.32 23.89 28.62 32.41 36.52 34.29 27.35 24.00 26.02 30.55 32.54 34.36 36.71 35.17 33.16 32.33 25.98 23.97 22.94 24.55 25.83 28.66 26.15
16.72 18.09 17.27 17.55 17.84 18.64 18.94 14.79 11.92 10.71 12.00 14.29 15.42 13.73 12.88 14.57 18.93 17.46 16.36 14.09 13.30 11.90 14.37 28.91 30.23 26.82 25.86 24.65 28.21 26.27 26.43 27.06 21.50 19.99 19.52 25.09 23.35 23.16 29.17 25.37 22.41 25.10 26.09 24.56 25.69 24.64 23.77 22.46 21.59 18.57 17.81 19.12 20.40 20.53 20.86 20.45 26.90 33.18 32.51 28.37 24.18 19.89 24.18 30.02 32.18 30.33 33.84 32.53 31.26 32.54 29.95 23.10 17.52 21.97 22.92 26.99 29.05
18.80 15.67 16.69 16.93 18.04 17.08 17.60 15.74 14.02 10.78 10.75 12.75 14.35 12.71 12.94 14.01 17.04 14.30 12.37 12.80 13.31 11.19 11.98 20.35 27.91 25.63 23.81 22.14 23.30 26.26 23.49 24.59 21.62 19.37 19.11 20.49 26.48 24.41 25.08 30.51 24.62 24.45 24.15 24.72 22.88 21.55 20.65 23.07 22.46 21.36 20.84 20.05 18.20 19.65 22.22 23.37 28.11 26.47 21.50 23.92 20.18 20.11 18.36 25.14 32.11 30.83 30.21 30.65 26.92 28.44 30.31 25.56 20.70 23.68 24.99 26.78 27.46
19.36 15.65 14.45 14.56 14.45 13.74 15.44 18.80 18.39 14.57 10.25 10.14 10.47 11.02 12.24 14.13 16.89 13.00 10.16 11.85 11.15 11.33 13.04 16.39 23.62 24.90 21.98 20.91 18.85 21.23 21.69 21.65 22.63 19.04 17.16 18.93 24.10 23.24 18.26 28.39 28.30 26.26 24.17 22.26 24.56 22.31 17.21 18.72 19.40 20.46 24.53 24.31 21.94 20.41 23.03 22.95 23.66 17.34 11.47 22.26 21.10 19.20 15.98 20.79 26.02 28.36 27.44 28.98 28.17 25.43 26.37 26.42 26.98 27.33 25.98 23.47 25.14
18.39 17.23 14.47 13.60 12.92 12.80 13.42 17.11 19.92 18.91 11.06 8.82 8.89 11.32 10.85 12.62 15.64 13.32 9.17 10.84 10.31 11.93 12.08 16.24 19.92 22.97 22.33 22.01 19.64 18.33 18.16 19.17 22.95 23.60 21.41 21.97 18.80 21.00 19.07 17.98 24.05 26.34 26.84 22.90 24.51 25.49 21.60 17.81 19.08 19.89 21.54 25.65 22.63 23.98 20.72 24.29 18.52 16.02 13.51 13.78 19.62 18.94 16.21 18.16 23.85 25.90 26.20 25.78 27.48 26.67 27.73 27.59 29.45 28.85 28.37 24.65 22.76
19.89 17.59 14.84 13.87 13.06 12.94 12.29 11.50 15.76 18.51 15.02 11.96 10.08 10.60 10.97 12.39 14.18 13.89 10.61 11.96 12.28 11.51 13.83 16.27 18.64 20.23 19.30 20.93 22.41 18.05 14.92 15.42 17.85 20.01 19.77 23.70 17.65 18.36 20.97 17.36 18.19 19.63 26.54 23.22 22.79 24.10 23.23 21.05 20.13 19.04 18.05 20.54 21.72 23.14 18.81 18.67 17.16 18.49 17.40 12.42 17.72 16.99 18.35 18.30 21.29 26.15 28.79 29.91 30.25 28.95 28.90 30.55 30.87 28.56 30.95 27.20 25.03
25.40 20.94 17.45 14.04 13.34 11.89 11.03 10.60 14.63 15.55 14.66 15.39 14.93 12.30 11.76 11.10 12.86 14.22 12.81 12.79 12.85 11.86 14.33 16.35 18.90 20.33 20.63 19.63 22.01 21.52 17.17 15.99 14.39 18.23 16.78 17.93 22.09 19.40 17.94 18.28 23.34 17.69 19.82 25.27 22.30 23.42 22.88 20.65 19.86 18.66 18.43 19.04 20.91 20.32 20.16 12.81 14.50 17.47 20.68 16.60 19.03 15.71 18.68 20.13 22.94 25.23 29.85 32.57 32.59 32.57 31.99 33.29 30.08 26.33 30.74 28.60 26.77
29.76 27.88 24.52 18.05 12.87 10.97 10.49 10.58 13.24 15.19 13.79 15.11 17.76 14.56 12.89 12.86 14.61 15.46 14.45 13.29 12.17 13.24 14.43 16.28 17.50 18.02 20.27 20.38 21.93 21.87 20.97 19.93 15.84 15.71 18.68 14.71 19.97 21.21 19.50 17.03 18.48 23.71 17.55 22.27 22.45 20.70 21.44 20.37 19.08 20.46 17.65 19.15 18.39 16.68 18.88 19.51 16.37 14.38 16.45 19.07 18.10 20.70 21.26 22.80 24.38 24.58 28.21 32.83 32.80 34.75 34.53 31.67 30.45 28.02 27.69 29.04 25.36
27.64 29.61 30.01 27.19 17.53 10.90 10.18 11.13 12.44 12.75 12.23 13.76 17.60 16.20 14.13 15.16 17.77 19.14 17.92 15.68 12.92 14.78 14.28 18.06 20.34 18.82 17.07 19.45 20.14 20.65 20.30 20.31 18.97 14.96 14.24 17.03 16.27 15.78 20.12 21.48 19.07 20.51 19.39 19.70 20.34 21.00 16.98 19.01 17.22 17.66 16.73 18.31 17.42 14.45 16.05 18.18 19.54 16.41 14.89 15.52 14.13 19.80 20.30 25.02 23.07 27.12 29.11 32.09 32.51 33.31 31.13 24.75 23.32 25.90 27.55 26.56 21.95
27.17 25.40 26.74 29.31 28.30 16.56 12.14 12.01 14.34 13.88 11.19 13.08 14.89 14.94 14.63 15.82 17.55 19.59 21.16 18.33 14.26 13.51 13.24 15.92 19.31 23.14 18.51 17.60 18.98 19.42 19.63 21.92 18.97 15.10 14.97 16.92 18.83 15.45 15.97 19.26 20.58 20.37 20.77 21.99 22.06 20.97 18.89 16.50 16.56 16.66 17.12 16.85 22.01 21.14 19.45 14.58 17.25 18.15 16.32 14.76 15.32 16.85 18.73 21.64 23.87 27.42 27.92 27.27 28.41 25.05 25.21 24.62 17.43 19.01 25.61 27.17 24.55
26.03 26.03 23.84 24.55 29.08 26.30 17.42 14.68 15.62 16.70 14.32 13.66 14.09 12.22 14.39 15.59 17.60 17.95 18.05 18.04 16.09 11.61 12.92 14.74 14.94 20.42 21.11 17.77 19.15 19.09 16.68 18.00 20.68 17.59 15.41 15.71 18.66 18.48 17.47 19.50 20.85 18.51 19.78 20.18 23.85 22.76 21.15 16.46 17.69 15.95 15.22 15.19 19.90 20.89 19.73 18.95 17.34 17.74 18.39 17.89 18.28 17.92 19.70 22.36 23.32 21.24 20.28 20.90 21.53 19.74 20.47 23.51 20.87 19.27 22.20 29.40 26.04
18.75 27.29 23.02 21.88 23.98 28.23 23.98 20.25 16.88 16.96 17.77 16.25 15.43 13.27 13.88 16.09 16.74 15.88 14.25 14.26 16.76 16.69 14.10 15.88 17.98 22.19 21.63 17.57 20.04 18.50 18.34 19.45 15.07 16.96 18.22 16.35 17.53 17.62 17.86 19.85 20.94 20.02 18.30 19.23 21.21 20.34 19.65 17.14 15.74 15.30 15.26 16.26 14.82 17.73 20.99 22.05 21.32 18.83 18.08 19.82 19.61 20.73 17.60 20.33 19.01 14.59 14.46 18.62 18.19 16.04 16.78 20.86 21.35 19.46 24.46 25.47 25.04
12.31 23.59 25.00 20.53 20.69 23.65 25.45 24.77 20.32 17.97 19.79 20.37 18.57 18.08 16.82 19.29 14.46 14.30 15.24 15.51 18.13 20.82 18.77 14.23 12.66 17.54 24.88 18.23 16.42 21.32 19.47 20.00 21.12 17.22 18.59 17.93 17.02 18.97 14.49 17.40 19.71 18.65 16.23 18.27 19.97 21.62 16.70 17.20 13.50 15.94 17.67 18.26 16.96 17.81 21.18 21.20 23.99 20.54 18.14 18.28 17.76 18.61 15.70 14.45 14.85 12.21 11.14 16.68 17.37 14.83 15.65 16.22 19.94 19.98 22.01 26.10 24.80
10.06 17.87 24.96 23.01 21.45 21.35 25.37 26.42 24.50 21.04 21.80 24.40 25.03 23.61 23.20 20.18 17.38 15.57 18.35 20.95 20.40 13.74 17.53 17.38 14.30 10.16 14.15 17.08 17.05 17.91 16.37 17.73 21.40 19.29 18.59 17.89 16.13 18.22 18.19 17.36 18.09 18.49 14.79 17.36 18.34 20.47 20.08 20.13 17.89 18.42 16.96 18.40 19.90 16.14 18.32 18.01 18.57 20.45 17.62 17.21 16.75 13.69 15.25 12.15 14.32 14.40 12.87 14.27 18.09 14.57 15.53 16.86 16.88 19.97 21.52 22.63 24.33
9.95 11.96 18.51 21.29 21.15 20.57 21.52 25.64 27.12 24.20 21.46 21.26 23.38 22.74 21.23 17.22 18.93 20.76 22.49 17.93 16.38 18.69 12.94 12.86 16.68 14.93 13.67 15.77 14.10 21.49 19.20 15.32 16.59 17.82 17.47 16.43 17.06 16.12 16.38 16.80 19.27 18.99 16.10 14.75 18.45 18.45 20.76 20.49 19.52 15.64 17.00 17.13 17.36 17.94 15.80 20.29 17.03 21.49 17.94 17.11 16.95 15.71 12.83 11.61 14.37 16.44 14.41 15.38 18.18 19.07 17.00 18.11 17.84 20.54 21.86 23.20 27.02
10.84 10.80 12.25 13.90 17.27 19.23 18.31 19.83 23.57 23.95 21.76 19.21 17.48 17.72 16.00 17.62 18.90 20.76 17.53 14.87 15.23 17.40 16.04 11.93 15.24 17.95 16.12 16.86 15.63 15.74 21.64 17.55 16.39 17.54 17.65 15.81 15.85 17.00 17.35 15.98 18.70 18.85 17.92 17.42 17.33 19.24 18.17 18.91 18.69 15.56 17.65 16.07 12.81 16.10 14.63 15.98 18.39 20.94 21.86 19.56 13.87 14.28 13.18 11.19 10.90 15.31 17.18 16.14 17.89 19.48 19.59 19.78 19.35 22.13 23.33 27.45 31.42
13.63 12.94 13.15 11.33 13.89 17.36 18.42 18.55 19.07 20.87 22.73 21.44 19.45 17.73 20.06 23.10 21.17 17.72 16.94 14.72 15.22 16.19 15.61 16.26 13.14 15.60 17.40 17.33 17.13 12.96 16.72 19.02 17.19 14.71 17.12 17.67 15.01 17.76 17.31 17.05 16.41 21.11 18.88 18.02 18.42 16.91 16.90 15.73 17.73 17.90 15.99 17.35 13.57 12.14 12.90 12.30 17.46 17.91 19.08 16.70 17.11 12.74 13.38 13.29 13.76 11.12 14.17 15.75 17.55 19.37 19.78 19.84 20.60 22.49 26.68 31.52 35.78
16.30 16.34 15.05 14.00 11.72 16.15 20.88 19.54 18.33 18.38 20.43 21.26 20.39 20.93 24.96 20.30 17.79 15.45 17.76 19.61 16.55 16.98 15.50 16.95 16.90 14.17 15.02 15.80 16.92 17.79 15.52 15.85 19.14 18.90 15.16 17.56 15.79 16.08 16.79 18.31 16.89 16.56 19.46 17.85 19.31 17.01 16.84 14.27 15.33 16.27 13.79 13.45 16.05 12.80 12.89 12.25 13.62 15.79 16.69 13.64 14.79 16.86 13.83 13.04 14.52 15.43 13.51 15.04 17.28 19.03 20.74 21.18 23.26 24.84 31.14 37.53 39.88
16.39 17.78 18.40 17.04 15.50 15.60 20.46 21.46 18.69 18.79 18.57 19.29 20.36 24.00 19.95 14.17 13.25 13.21 14.53 17.67 18.66 16.97 14.46 16.62 17.97 17.74 14.92 14.67 14.70 17.57 19.34 15.60 13.85 18.26 17.43 15.48 16.93 15.35 15.80 15.69 18.49 15.43 16.23 17.09 17.44 15.80 14.92 13.84 12.70 13.36 12.37 9.00 13.71 14.26 13.74 14.81 12.04 13.53 17.36 20.15 15.48 15.44 15.56 13.50 12.48 14.70 15.07 16.01 16.96 17.80 20.20 22.03 24.02 29.39 37.70 41.04 38.35
17.00 15.11 16.75 16.77 16.55 16.45 17.28 20.94 17.40 19.02 20.50 19.66 19.40 14.88 16.10 16.38 11.93 11.97 14.21 16.07 16.17 17.67 14.29 12.87 13.49 17.60 17.00 13.67 15.01 15.17 17.94 17.83 15.20 15.00 16.82 14.85 15.64 16.61 17.14 15.94 17.90 16.34 14.45 13.91 16.91 16.30 11.15 10.95 10.50 11.01 11.23 11.30 9.96 14.12 12.70 13.91 13.55 14.50 16.68 18.73 20.32 16.77 16.19 15.76 15.17 14.62 14.60 14.22 15.45 16.91 18.19 19.28 21.16 30.16 37.00 34.38 30.82
17.66 16.21 14.31 13.64 13.84 12.36 14.17 17.16 15.20 13.94 16.48 17.19 15.09 12.48 11.61 15.43 13.79 12.61 15.06 16.14 16.76 17.23 16.48 14.26 12.99 12.50 18.20 14.52 14.02 15.67 15.73 17.20 17.01 17.52 17.25 17.60 15.11 14.89 17.76 17.73 18.33 18.29 16.18 15.08 17.39 21.22 15.66 11.80 10.63 10.96 12.68 11.47 10.81 12.15 13.12 11.66 13.80 14.43 14.40 15.96 17.62 17.82 18.03 18.12 17.92 16.54 15.38 14.27 14.71 16.51 17.21 17.62 20.81 29.01 30.51 22.94 21.95
16.16 15.64 13.70 10.11 9.98 10.28 12.64 13.97 13.84 10.30 11.37 13.56 12.84 13.42 12.00 13.35 15.19 12.48 14.48 15.72 15.10 17.06 17.71 15.64 16.33 13.96 15.03 16.54 14.57 17.21 16.12 14.08 14.22 16.27 17.27 18.34 17.54 15.01 14.98 18.24 18.46 18.64 16.81 15.17 17.21 22.00 22.43 15.58 11.05 10.41 11.10 9.42 10.48 10.07 12.43 12.01 13.47 14.16 14.30 16.36 17.83 19.44 19.60 19.35 19.30 18.35 17.16 17.11 15.31 16.16 17.29 18.93 23.94 30.04 26.90 19.99 21.17
15.07 14.13 12.92 10.81 8.51 10.87 10.72 11.79 13.81 12.87 10.43 12.89 14.17 14.67 13.82 12.06 14.60 14.20 13.78 15.54 14.45 14.43 17.04 15.44 15.34 16.07 15.89 16.53 15.35 16.74 18.77 15.01 13.70 13.15 15.48 15.25 17.44 16.27 14.68 15.72 18.47 18.66 18.49 17.03 16.41 17.36 22.27 20.61 14.61 12.84 13.40 11.97 8.91 9.89 12.58 12.94 12.30 12.63 15.39 18.31 19.72 20.55 20.34 20.48 20.12 19.70 19.04 18.89 17.33 16.71 18.05 20.28 26.71 32.55 25.90 23.91 24.43
