Slope_clipped.asc
NCOLS 451
NROWS 307
XLLCORNER 778910.0000000000
YLLCORNER 205282.0000000000
CELLSIZE 2.000000
NODATA_VALUE -99999.00
[rows 170 to 203 of 307, columns 0 to 76 of 451]
24.77 25.95 27.92 24.64 17.78 17.52 18.84 17.76 14.20 13.81 12.80 13.97 14.39 12.57 12.28 10.23 8.38 8.16 10.39 10.50 13.62 14.07 14.65 12.29 14.02 14.30 18.18 16.25 15.69 19.36 17.00 15.90 15.57 17.96 19.08 16.33 14.24 16.77 16.64 17.67 25.39 25.55 20.04 19.52 21.35 27.19 27.31 22.50 18.92 18.76 20.49 20.43 24.34 23.92 19.47 17.68 20.37 18.82 16.98 18.11 15.96 18.50 22.69 23.35 20.99 18.22 16.25 19.16 20.97 21.21 21.82 25.03 24.13 21.41 22.90 25.36 24.11
26.81 23.78 22.77 26.50 23.81 20.39 20.45 19.91 18.53 14.81 13.38 15.48 15.15 13.86 11.72 11.95 10.50 9.84 9.83 11.46 12.88 15.32 14.46 13.05 13.03 11.91 16.28 19.40 16.06 15.50 17.46 15.50 14.60 17.56 21.66 20.26 17.80 19.98 22.27 20.14 20.39 19.94 19.48 20.35 25.58 28.53 26.25 23.78 20.88 18.30 22.97 25.24 20.38 20.06 21.26 20.40 17.45 19.92 18.75 18.10 16.45 14.82 18.42 24.13 22.57 20.57 17.72 17.40 18.86 19.07 18.79 22.11 25.87 24.86 18.32 19.64 24.73
29.38 24.95 20.53 21.17 22.80 23.42 22.63 20.67 18.59 14.88 11.65 14.06 15.99 17.12 15.60 13.60 13.20 11.08 13.39 11.40 9.92 9.55 10.66 14.88 10.87 12.72 13.96 17.17 18.84 15.85 12.85 14.47 13.36 16.07 23.27 26.32 24.86 22.11 21.87 24.04 17.60 14.04 16.63 20.60 24.15 27.19 28.37 27.49 22.58 19.98 23.44 25.84 20.83 18.64 20.24 21.32 18.52 18.63 19.09 17.57 16.06 16.49 14.17 17.86 21.56 18.27 14.96 13.75 17.31 16.36 13.42 17.82 23.52 26.39 22.05 17.59 18.87
17.75 21.82 22.00 21.27 18.96 22.50 29.13 22.81 16.88 15.46 11.98 9.63 13.10 15.98 16.23 16.94 14.04 13.91 12.27 10.17 9.72 12.40 14.57 13.50 10.46 12.13 14.87 17.22 18.01 16.47 12.03 12.15 11.83 11.77 20.20 27.94 31.20 28.13 26.41 21.87 20.25 20.25 18.80 23.69 23.97 23.32 25.67 25.54 23.63 25.45 24.62 22.97 21.30 17.72 19.27 21.06 20.57 17.16 18.39 18.89 17.65 15.94 16.64 17.82 19.89 20.00 16.77 10.43 9.85 17.81 14.50 11.87 18.69 22.79 20.91 19.44 18.65
15.30 17.24 20.85 24.06 22.48 20.90 29.91 26.29 22.45 21.30 19.31 12.89 10.54 13.18 13.16 16.86 14.67 11.82 9.72 9.53 6.80 11.41 15.73 20.49 13.29 8.09 14.58 16.38 16.94 15.01 10.93 9.91 10.47 11.71 16.76 26.18 32.72 32.31 23.80 23.36 22.83 21.42 23.51 22.77 22.85 23.75 26.27 26.80 25.79 23.41 24.50 22.52 21.90 20.79 19.79 18.74 19.41 17.68 17.15 17.33 18.13 18.45 15.49 16.32 17.31 15.98 17.13 14.66 12.26 12.14 14.40 15.46 14.56 18.00 19.51 16.56 18.59
23.27 20.33 17.80 19.54 24.30 23.83 28.20 27.44 23.43 25.03 24.40 21.12 15.65 14.25 14.47 13.03 15.23 13.16 10.51 9.09 6.62 4.37 7.98 12.19 13.82 10.99 11.90 15.24 16.23 15.04 12.76 15.75 14.47 13.82 11.07 23.80 32.62 31.10 26.81 19.12 20.93 20.36 21.61 21.31 20.55 24.22 25.97 26.01 25.86 23.84 23.76 23.27 18.34 16.92 18.11 19.74 20.71 17.12 13.59 16.25 15.64 16.71 17.11 15.17 15.19 13.54 14.63 15.77 13.41 10.65 13.17 15.26 12.53 14.43 19.40 17.80 16.75
23.32 22.68 20.79 18.35 20.69 22.95 25.23 30.18 24.87 22.72 25.17 22.25 19.01 18.82 19.06 13.83 13.37 12.87 11.71 10.42 10.86 6.28 9.93 12.94 11.65 12.52 11.46 10.56 12.91 15.20 14.61 14.47 15.03 11.37 10.26 20.32 29.53 23.35 22.18 21.45 19.19 22.36 20.19 19.38 19.76 23.29 21.20 20.84 22.26 24.07 23.24 23.76 22.68 18.79 15.31 15.28 17.90 17.44 14.92 13.92 16.35 15.22 15.45 15.55 15.31 14.65 16.82 15.35 12.96 13.39 14.34 11.97 10.06 12.72 15.13 18.83 15.29
19.26 21.59 22.92 20.84 20.42 23.45 20.70 25.36 28.65 24.49 23.92 23.66 17.83 22.19 20.89 19.30 15.70 12.68 11.98 9.79 10.32 10.16 10.17 15.30 17.05 15.03 10.86 10.50 14.61 13.81 17.08 10.13 10.71 15.64 12.25 20.47 23.56 18.70 19.63 23.51 19.38 18.41 25.51 27.27 23.48 21.38 19.90 21.56 19.17 18.77 22.04 22.05 21.25 16.76 15.09 15.41 16.58 14.70 14.15 14.73 14.06 17.61 16.88 15.41 16.30 17.48 16.36 14.31 13.30 11.89 12.22 14.69 12.96 13.64 12.10 13.78 18.86
12.66 12.53 17.36 19.92 18.24 21.57 20.61 18.66 23.10 23.98 22.79 25.51 18.34 17.98 19.69 20.19 20.45 16.33 12.24 8.96 8.64 9.29 9.95 13.01 15.32 15.30 14.90 13.15 16.04 12.96 12.72 15.57 14.27 18.41 19.65 17.64 15.42 14.87 14.32 19.23 26.22 25.77 31.29 30.63 23.03 19.88 19.27 22.52 19.41 18.25 22.18 22.49 18.77 14.79 14.01 12.71 12.23 15.00 14.10 14.04 11.80 13.65 18.23 18.00 18.64 14.89 13.41 15.40 15.78 15.65 13.00 11.22 11.70 14.75 16.07 17.28 20.77
13.61 12.17 12.91 15.96 14.72 14.77 17.41 15.57 17.69 19.07 19.92 22.91 22.28 16.66 18.49 16.55 18.31 18.02 16.27 11.12 7.87 8.25 9.61 12.49 12.98 10.03 8.41 9.80 9.59 10.63 8.21 13.68 16.91 18.36 16.64 16.02 18.29 18.26 15.65 15.08 21.74 29.73 33.35 30.80 23.95 20.05 19.33 17.60 16.31 16.68 17.84 17.58 18.45 19.09 16.24 13.65 11.67 13.57 14.71 14.57 15.71 14.68 15.01 16.70 19.26 16.70 12.96 13.41 15.25 16.06 14.08 12.61 14.74 16.81 14.77 15.23 19.43
14.17 13.64 11.41 11.99 16.51 15.83 14.65 15.20 13.54 12.30 15.24 16.57 17.78 18.28 20.26 16.84 16.67 19.02 15.44 14.99 12.40 8.95 12.56 14.78 10.30 14.47 11.30 7.96 11.36 11.57 7.27 14.32 23.33 18.83 13.71 17.94 19.76 19.97 18.64 14.78 21.63 28.40 29.68 29.56 26.25 21.97 17.33 16.88 17.91 18.38 16.36 15.29 16.58 18.98 18.69 16.40 14.96 13.91 14.28 13.76 15.92 18.36 17.99 15.76 16.76 16.68 15.69 17.74 14.86 13.71 14.81 14.11 14.51 16.07 14.55 15.88 15.65
15.04 14.29 14.84 14.96 14.90 13.69 14.58 14.76 12.17 10.89 11.40 13.19 14.70 16.76 16.23 15.44 17.04 21.41 21.97 17.63 14.36 12.37 10.51 17.63 12.89 12.88 15.31 14.24 14.50 15.82 15.70 25.76 26.96 20.28 21.24 24.31 23.22 22.44 22.29 21.61 29.05 27.29 28.50 30.27 26.31 19.31 16.25 16.71 17.63 19.05 16.97 14.23 14.78 14.84 15.88 16.40 19.98 16.81 13.94 15.86 16.43 17.61 19.84 18.22 16.38 17.50 15.66 17.12 16.64 13.56 17.19 15.22 14.07 15.94 12.32 13.50 16.00
14.89 14.79 15.47 15.94 15.98 14.39 15.62 17.70 13.50 12.40 14.06 11.47 12.26 16.07 14.54 14.32 16.54 16.72 21.27 23.73 18.64 14.86 12.24 13.12 13.80 9.67 11.80 11.51 12.40 20.37 29.45 28.68 22.52 19.78 24.35 25.79 25.18 24.69 24.26 27.67 30.62 29.26 27.45 24.33 20.49 17.83 14.58 13.67 17.19 21.11 19.05 13.88 10.93 11.48 14.78 13.99 17.10 19.59 14.58 14.37 18.26 17.46 17.57 18.57 18.12 19.66 20.28 17.09 16.37 14.54 15.93 16.65 14.23 17.36 13.34 12.84 14.75
15.67 13.81 15.24 16.00 16.43 16.45 14.66 16.99 15.78 14.73 15.48 14.43 12.90 16.07 15.52 14.92 14.34 15.93 15.41 17.43 18.44 14.26 14.32 12.55 12.70 12.92 14.26 10.07 10.14 25.19 30.04 25.55 22.61 21.81 21.19 21.05 18.99 19.69 21.70 25.69 27.34 21.94 18.67 16.65 14.43 14.90 14.99 15.27 14.81 15.28 19.33 20.38 14.58 9.23 9.51 12.20 15.12 18.92 15.93 13.52 17.13 19.41 17.30 17.08 20.13 19.39 19.91 18.90 17.84 17.69 17.44 15.07 14.48 17.03 20.18 13.51 11.69
18.06 15.23 14.62 14.91 11.99 16.91 17.20 16.33 14.24 14.52 17.30 15.65 13.16 14.61 17.19 15.00 15.60 17.10 17.79 14.09 13.42 13.37 13.35 14.27 12.91 12.00 10.37 12.66 14.13 24.59 29.01 24.12 26.37 23.71 20.74 18.59 16.68 17.90 21.54 23.83 19.46 16.07 14.01 11.93 13.86 14.01 14.24 15.79 16.56 15.74 15.55 16.61 17.16 13.19 10.04 9.32 13.01 18.44 17.47 13.10 16.05 16.67 14.98 16.41 17.38 19.25 20.52 18.34 16.76 19.04 17.63 14.89 14.52 16.70 18.93 18.77 14.02
14.01 15.19 14.66 14.94 13.28 11.98 16.96 18.80 15.68 12.10 14.18 15.63 16.82 17.69 14.50 15.57 16.59 16.97 19.03 19.95 16.73 14.12 11.41 13.92 16.96 15.78 14.46 16.52 14.10 21.27 24.12 23.21 26.54 23.85 23.13 19.88 15.72 20.15 22.73 20.55 16.13 14.38 14.16 13.80 14.38 13.73 14.29 14.42 12.54 13.41 17.56 16.47 16.37 14.05 11.19 10.47 11.95 14.58 18.10 16.53 15.05 16.23 14.88 15.24 15.79 15.48 17.11 17.12 15.13 16.55 16.67 15.57 15.98 15.16 15.39 18.37 18.30
21.21 18.26 17.26 16.00 15.18 17.48 16.77 15.24 14.60 12.36 17.05 17.71 12.33 14.74 16.88 13.03 17.25 19.06 16.86 23.70 19.61 16.49 16.09 17.70 19.42 19.70 16.83 15.84 15.03 17.06 23.30 25.49 24.42 24.74 25.20 18.92 16.82 19.91 22.73 18.89 14.10 15.42 13.95 13.60 15.07 14.06 15.77 12.18 9.60 11.78 14.92 17.10 16.36 14.86 11.96 10.07 10.14 13.34 19.18 20.61 16.46 12.89 12.61 15.40 15.79 15.77 20.03 16.46 10.85 12.75 14.37 13.13 14.06 15.72 14.31 14.25 18.14
23.41 23.33 21.44 21.75 18.12 15.81 17.90 16.06 15.50 15.75 15.36 16.01 18.26 13.28 12.40 11.68 13.78 20.60 14.61 15.72 22.34 17.62 16.42 20.65 26.22 25.30 17.62 17.51 19.19 21.85 29.43 29.79 28.61 25.51 22.13 19.17 15.38 21.57 24.52 16.94 13.54 13.85 13.53 13.58 14.76 13.27 13.65 13.74 14.06 12.46 11.45 13.09 15.95 14.50 14.83 13.78 11.71 12.24 18.74 19.14 13.26 16.24 16.07 14.15 19.28 19.66 17.10 17.00 15.22 11.40 12.88 13.54 13.10 13.09 12.73 10.73 16.88
21.44 21.33 19.35 23.04 23.83 17.30 17.38 19.49 19.69 12.33 15.15 18.04 13.59 12.17 9.16 9.77 10.69 18.49 19.35 12.65 14.11 16.12 13.09 16.64 26.19 26.96 21.50 16.70 17.83 19.59 30.26 35.03 31.71 28.54 22.96 16.89 17.38 22.48 21.83 15.58 12.94 11.51 13.99 15.74 15.05 13.89 13.02 10.75 11.60 15.22 14.12 12.53 13.87 14.05 13.65 14.63 15.34 15.69 16.18 18.84 14.48 13.27 17.34 17.14 19.40 19.59 18.97 18.19 17.41 15.00 12.45 14.24 13.37 12.86 11.62 9.84 11.34
16.71 19.52 19.72 22.22 24.55 20.29 18.20 21.55 18.22 18.23 14.54 15.59 15.08 11.46 7.87 8.20 11.66 15.30 15.63 15.93 12.71 11.60 10.53 8.13 21.38 24.89 18.91 16.83 15.25 16.65 27.85 36.63 34.05 29.08 23.73 15.93 17.99 22.92 19.41 15.08 13.33 12.39 11.56 13.39 16.97 16.84 12.88 12.13 13.07 13.47 13.25 13.72 13.60 14.02 14.18 13.96 13.38 18.34 19.96 19.14 17.14 14.09 13.40 16.27 20.70 20.63 17.33 19.12 16.43 15.12 15.70 16.82 15.19 12.17 9.33 11.74 10.68
9.81 12.65 17.03 22.36 23.74 22.33 16.06 17.54 23.13 18.33 16.10 16.50 11.71 11.25 11.16 11.41 14.29 12.58 12.73 13.38 14.97 14.37 13.10 9.68 12.34 20.05 23.22 20.57 16.19 17.22 28.53 35.19 31.75 29.32 23.88 16.67 19.96 23.07 16.37 13.13 13.36 13.93 11.58 11.50 13.19 14.92 17.48 15.17 13.33 13.54 13.92 13.17 14.21 15.40 11.62 10.59 14.82 20.41 23.08 22.77 19.12 17.36 16.81 15.31 16.62 21.27 20.19 17.16 19.87 16.60 13.45 15.76 16.75 16.50 11.76 9.76 14.29
13.80 11.82 8.47 16.04 17.44 16.21 18.59 19.91 19.75 18.04 17.79 16.34 14.89 13.80 13.96 15.65 16.04 12.54 12.90 15.31 15.13 12.42 12.04 12.13 14.95 25.92 24.82 18.01 17.27 18.52 25.98 32.45 30.29 28.72 27.57 19.49 20.68 21.19 14.37 12.22 11.47 14.47 14.05 9.12 9.92 11.53 14.59 16.37 17.14 15.39 12.65 14.40 13.46 12.58 11.91 10.25 11.51 15.07 22.94 23.90 23.17 18.88 16.11 17.12 20.13 20.20 19.94 19.57 18.22 19.88 17.31 15.95 14.26 15.11 16.24 11.63 10.77
16.92 14.05 11.83 11.44 9.82 16.51 16.93 14.44 16.65 19.37 17.66 13.89 14.61 14.26 14.53 15.61 16.14 14.61 14.07 15.35 15.33 15.22 12.16 12.66 19.63 24.12 21.67 22.17 22.89 21.75 22.05 26.47 31.98 26.78 23.27 22.04 23.82 20.82 12.69 9.93 11.65 14.79 14.25 8.86 7.89 9.28 13.77 15.81 14.94 16.52 15.62 13.69 11.55 13.62 9.93 10.97 9.08 11.04 16.79 21.13 21.51 20.73 17.06 15.80 18.03 20.75 20.09 19.92 19.22 18.26 20.64 18.81 16.14 14.98 16.49 14.10 12.99
10.88 10.22 10.16 8.53 10.79 12.11 11.75 14.94 15.93 19.07 17.44 12.50 10.36 12.92 15.36 15.71 15.44 13.99 16.40 14.03 12.91 17.61 15.24 15.32 21.83 20.31 20.44 23.97 23.32 23.14 22.36 25.21 30.90 26.83 23.73 24.43 21.22 18.41 15.19 8.82 8.52 11.75 10.96 10.20 8.60 8.33 11.51 16.06 15.81 16.11 15.47 14.37 9.96 8.92 10.21 7.57 5.30 7.80 14.23 18.52 19.75 20.13 18.90 16.44 18.96 20.67 20.23 19.43 20.19 19.89 21.18 21.21 18.71 16.54 17.54 16.14 13.22
14.59 12.60 10.36 8.01 7.90 8.44 9.77 15.06 15.24 19.23 18.94 14.47 9.55 11.80 14.42 15.39 14.98 16.70 16.35 12.81 11.56 15.23 18.78 20.75 19.66 18.27 20.17 23.66 26.05 26.59 23.70 27.94 29.41 25.74 24.10 22.40 18.61 15.70 15.10 13.32 10.77 10.44 8.79 9.10 8.42 11.56 13.14 14.02 14.72 15.33 14.08 15.17 12.59 6.08 6.18 9.72 9.64 7.52 10.11 12.42 15.19 17.78 20.40 18.22 17.57 22.51 23.20 20.99 17.24 19.42 22.47 22.44 21.72 21.42 17.21 19.01 15.91
15.93 17.19 14.75 11.15 8.54 7.56 5.58 9.62 14.96 16.69 18.90 15.46 11.04 13.66 19.46 15.94 11.71 11.02 13.88 12.97 12.94 17.45 20.05 20.89 20.93 20.90 23.57 25.70 29.94 29.93 27.78 29.09 26.32 23.05 25.50 23.86 17.56 15.70 11.83 10.89 11.38 11.26 10.04 11.77 9.07 13.30 15.46 14.67 15.42 15.42 13.89 16.05 14.66 8.15 9.40 8.88 9.70 9.85 6.90 9.51 13.93 14.67 15.22 18.31 15.86 18.11 25.41 25.25 20.13 16.73 22.50 23.64 25.22 26.16 22.70 20.78 20.82
18.01 18.86 19.43 16.19 15.71 11.12 8.22 10.66 12.09 11.46 14.75 16.89 16.90 15.40 16.63 14.33 10.21 14.26 16.35 16.13 16.05 16.05 20.05 22.49 22.93 24.99 24.95 26.52 34.68 34.01 29.83 26.67 25.07 23.27 27.76 23.78 12.90 10.80 12.41 8.29 7.96 10.66 9.75 11.35 10.63 9.03 15.72 16.60 15.77 15.92 14.98 15.94 19.28 18.02 16.14 20.99 12.64 13.23 11.08 10.39 12.37 14.65 13.31 15.73 19.72 18.34 22.59 27.97 25.42 19.60 22.58 22.98 23.73 27.89 24.13 20.49 17.74
12.40 18.98 19.60 19.54 18.40 15.27 9.67 11.90 12.44 12.30 17.24 14.63 15.26 17.13 15.51 15.18 14.95 17.14 18.87 17.45 14.83 16.99 22.18 26.05 24.00 24.46 26.56 32.61 36.44 33.10 26.06 22.92 21.21 25.68 26.67 13.43 6.94 8.10 10.06 8.91 9.05 8.15 11.04 10.35 12.51 10.30 12.17 15.00 15.61 15.90 15.23 15.35 23.77 26.59 27.72 29.16 24.75 17.18 13.90 11.48 13.80 15.38 14.56 13.58 19.22 20.36 22.68 25.57 25.06 22.89 20.81 23.32 19.15 21.81 23.20 19.17 17.53
18.65 15.49 17.62 15.40 18.93 18.27 11.70 10.39 15.91 17.51 17.88 13.28 10.78 11.93 15.26 20.08 19.46 20.65 21.00 18.25 17.26 22.02 26.87 25.78 24.58 25.61 28.87 33.88 35.01 28.90 21.58 23.35 24.51 21.98 15.08 10.72 8.90 7.71 7.72 6.46 7.21 7.65 7.17 9.82 13.94 12.80 12.88 15.50 14.92 16.54 18.35 21.84 26.91 27.89 28.42 27.60 30.62 20.31 14.61 11.48 13.68 17.54 17.48 13.96 11.62 14.30 17.66 23.73 19.37 18.05 17.08 19.46 22.21 18.79 18.74 17.98 18.02
28.13 20.12 17.33 16.90 16.15 16.62 16.43 18.20 17.12 16.62 13.71 11.99 12.88 13.19 17.12 18.82 21.19 24.52 23.50 21.71 23.74 27.15 26.01 27.19 28.07 25.22 31.21 31.62 29.34 30.20 27.93 22.07 15.48 13.44 12.84 11.02 10.42 8.65 8.27 8.98 7.93 12.67 11.20 9.53 11.93 14.51 14.44 17.07 15.54 18.40 22.95 25.40 21.58 20.22 21.70 23.41 29.09 27.63 14.89 12.54 13.52 16.22 16.98 17.01 11.26 11.86 14.28 20.12 18.93 13.76 14.05 13.12 19.77 22.79 19.36 19.61 16.28
27.36 23.56 17.76 17.45 17.76 17.65 17.46 19.36 18.53 18.10 15.60 13.57 16.00 18.24 18.88 17.41 23.31 25.75 26.84 25.52 24.67 24.93 27.36 27.98 24.05 26.15 30.52 28.89 32.62 29.05 19.78 16.13 14.98 13.45 10.43 10.49 11.28 12.95 12.05 13.46 12.03 13.46 14.95 17.21 14.51 18.59 17.52 18.40 21.52 23.04 24.94 20.49 17.22 14.52 16.95 23.84 29.48 27.64 19.43 22.09 19.01 16.69 17.33 14.96 14.88 12.70 13.83 17.94 18.86 15.33 13.54 9.91 13.24 20.69 19.91 19.25 17.31
26.24 18.89 13.96 16.03 18.24 19.75 18.12 17.23 18.23 17.58 20.15 19.35 19.55 19.01 17.94 20.54 26.81 28.77 26.36 23.12 24.76 26.87 26.95 26.52 22.70 26.26 31.13 31.28 30.26 22.91 14.34 12.23 16.91 16.28 12.82 10.63 10.41 14.25 17.90 19.88 16.66 12.58 11.72 14.96 16.54 15.95 21.85 22.37 25.93 26.13 23.59 17.14 16.84 18.98 21.94 25.98 27.41 22.16 27.11 27.60 26.86 22.57 24.19 19.64 17.04 13.82 14.36 18.17 20.08 13.58 13.70 14.81 12.89 17.55 17.37 18.07 15.54
18.30 16.37 14.23 14.78 18.17 20.34 18.06 18.89 19.70 19.55 20.10 22.05 20.72 15.88 18.40 24.42 28.42 26.77 25.03 25.58 28.46 30.93 28.04 24.52 22.82 31.86 31.99 28.00 22.28 13.29 12.45 14.01 19.47 22.27 15.70 14.12 12.91 20.47 23.98 25.52 18.89 12.36 12.51 12.59 15.68 16.90 22.81 25.00 28.72 22.70 21.37 18.31 12.50 16.54 25.89 31.01 24.60 24.82 29.08 25.53 27.03 25.68 25.42 25.19 20.93 17.80 17.72 16.77 17.10 16.29 12.31 15.74 16.02 16.36 16.68 18.38 16.80
20.70 17.83 16.12 15.63 15.98 17.35 16.71 18.32 23.29 23.02 19.37 21.24 19.63 18.81 21.52 25.19 28.36 25.01 24.12 30.24 32.16 26.36 25.74 24.10 27.43 29.24 25.09 18.83 6.77 8.29 12.06 12.51 15.96 22.74 19.77 15.86 19.02 25.88 25.62 26.16 26.28 18.31 12.76 12.23 14.17 21.74 21.42 25.13 24.03 21.41 20.94 22.09 16.57 15.67 21.39 30.46 29.04 29.86 28.15 21.12 21.99 23.33 21.32 26.29 26.67 22.05 17.14 16.91 13.90 16.29 16.24 17.48 17.59 14.41 14.00 15.37 17.78
