Slope_clipped.asc
NCOLS 451
NROWS 307
XLLCORNER 778910.0000000000
YLLCORNER 205282.0000000000
CELLSIZE 2.000000
NODATA_VALUE -99999.00
[rows 170 to 203 of 307, columns 77 to 153 of 451]
24.75 27.10 25.93 20.63 18.60 25.02 27.57 26.59 25.35 19.78 19.96 20.91 19.25 20.95 21.63 16.87 20.28 23.83 20.56 16.24 23.17 23.81 25.92 28.54 26.14 24.85 22.29 27.84 35.23 35.76 34.45 32.60 34.03 35.13 35.04 36.52 38.88 40.97 37.28 39.40 44.01 41.48 34.96 26.82 19.77 21.42 24.50 29.88 39.18 35.02 27.16 25.47 24.92 24.27 25.76 23.22 22.95 21.90 26.01 28.69 24.75 20.88 24.62 25.26 26.21 22.49 20.06 16.04 14.57 14.28 13.02 15.75 20.00 22.96 21.66 18.37 18.06
25.18 27.44 25.18 22.39 21.92 23.57 25.58 26.04 26.04 24.52 24.21 23.21 19.60 17.58 20.79 24.26 22.08 18.03 19.61 19.41 20.13 24.01 23.95 26.35 25.43 22.79 18.97 20.15 30.56 35.95 34.69 34.17 30.37 27.94 29.28 29.80 29.75 34.73 31.69 33.48 35.20 40.00 40.24 32.10 28.51 22.98 18.64 30.11 42.66 32.92 24.11 24.57 24.33 23.47 25.46 24.75 24.15 22.70 25.10 26.18 28.07 24.29 22.00 23.00 26.65 25.83 23.42 20.24 14.01 12.56 16.40 21.70 19.77 21.10 23.50 24.24 18.87
22.04 24.91 24.99 20.19 22.62 27.84 29.87 27.17 24.12 22.50 23.94 22.72 21.77 18.72 16.70 24.71 28.20 22.36 17.13 20.07 19.58 21.60 24.19 25.95 26.10 22.74 19.17 17.84 23.20 28.11 28.29 30.94 30.33 22.10 16.27 19.68 22.30 24.65 26.97 30.44 32.23 33.14 37.98 33.56 28.13 23.62 23.57 36.73 37.32 26.29 22.10 22.53 21.42 22.65 24.19 24.55 22.90 23.17 22.72 25.05 24.62 25.14 22.18 20.46 23.86 26.88 25.54 24.15 19.45 16.83 22.56 21.88 20.96 21.10 22.43 23.33 21.47
20.54 21.95 21.84 19.73 16.71 21.85 28.65 29.05 25.42 23.99 26.63 25.10 20.93 21.57 21.18 21.56 30.59 27.68 23.57 21.52 22.91 21.43 22.85 22.32 24.09 22.85 19.13 21.25 24.36 23.60 23.34 24.34 26.39 24.23 13.67 11.64 19.36 24.28 27.88 29.60 29.26 31.89 37.33 35.09 26.78 19.44 22.42 36.66 39.67 28.12 22.56 21.47 19.63 18.84 20.50 22.24 22.66 23.42 22.39 23.50 23.38 24.57 23.11 19.57 19.40 25.56 25.78 22.78 19.03 19.79 22.82 17.15 19.34 23.02 22.97 25.17 23.51
19.77 19.78 19.70 19.24 17.46 23.32 25.50 21.55 18.20 19.90 24.96 27.76 24.86 26.78 26.41 23.90 28.29 28.53 26.58 23.46 20.50 21.29 24.42 25.35 21.98 21.22 20.20 20.07 23.73 22.38 22.33 22.43 23.41 25.21 20.31 13.61 18.71 26.52 30.37 30.32 29.33 30.56 33.29 33.86 32.34 23.85 22.57 33.90 36.69 31.50 23.55 22.34 22.23 21.43 20.37 18.77 18.99 21.44 20.51 20.73 21.09 23.37 23.52 20.47 18.28 24.48 28.60 27.01 23.64 24.07 23.19 18.29 18.22 23.97 22.60 25.72 26.79
20.25 18.59 15.68 19.40 23.97 21.59 22.27 24.25 21.81 19.69 16.34 21.14 24.03 24.34 23.38 26.24 27.49 30.03 26.48 27.86 22.36 18.35 22.89 24.27 24.42 22.50 22.14 21.62 22.10 22.74 26.14 24.41 22.66 27.88 25.08 19.22 21.41 28.50 32.10 34.32 27.30 17.86 27.21 35.12 38.10 31.42 28.23 34.41 33.21 28.53 23.44 21.37 21.96 22.48 21.49 20.11 16.60 19.46 20.65 18.18 17.87 20.83 22.94 21.76 17.87 21.96 29.82 30.37 30.26 25.10 22.00 20.80 19.37 23.21 24.71 22.71 26.89
15.45 20.85 17.93 15.50 19.53 23.08 24.36 25.98 25.71 21.67 17.97 14.86 19.47 22.19 23.07 23.88 24.27 26.76 28.38 27.50 25.03 22.28 22.74 22.64 22.21 22.93 22.71 22.07 19.97 22.12 21.97 25.82 23.20 27.39 30.52 27.06 29.09 27.06 26.57 31.16 33.89 31.09 21.70 29.35 39.07 32.88 31.47 37.70 31.49 26.19 25.77 25.07 27.31 24.41 21.26 18.91 17.42 16.02 18.60 18.29 17.14 20.63 22.22 22.93 20.70 17.42 22.29 28.12 28.22 22.49 18.52 19.74 21.57 21.67 26.18 21.58 22.11
19.61 18.03 15.10 13.73 14.70 18.13 23.27 23.83 21.99 22.01 19.41 14.32 14.24 17.60 22.62 23.90 26.44 25.52 25.76 28.51 26.42 22.86 23.17 24.85 24.42 22.83 22.58 25.18 21.27 22.13 24.53 25.52 27.47 32.05 28.90 24.90 27.33 32.50 30.65 32.84 30.87 34.01 29.89 23.88 36.59 30.51 31.76 39.93 28.95 25.77 33.30 34.80 35.68 33.09 27.04 20.18 17.58 15.58 16.27 16.34 16.40 18.47 24.07 23.22 23.07 19.82 15.17 16.70 21.41 24.85 18.02 18.07 18.54 19.83 24.04 25.18 20.22
17.12 10.21 12.03 18.19 18.51 13.56 17.74 23.68 24.27 21.14 20.39 19.42 15.46 16.82 18.54 21.27 25.12 26.56 27.02 27.14 27.26 24.42 21.20 23.02 23.47 23.98 22.66 22.30 20.73 21.51 28.42 33.84 36.44 35.45 31.39 28.61 25.46 28.08 28.10 27.60 27.40 29.46 29.10 34.01 34.78 23.50 31.99 35.91 27.72 33.70 34.62 35.58 38.52 37.59 31.59 24.60 20.63 18.13 15.12 15.18 16.47 16.13 22.09 25.34 23.78 21.35 20.24 16.59 14.34 19.50 21.74 21.37 17.45 18.69 19.89 23.99 22.31
16.16 16.69 14.65 16.30 19.05 16.36 15.35 18.09 22.07 23.84 24.07 24.46 19.83 17.65 18.66 20.28 22.94 25.24 27.38 28.10 25.45 25.10 24.18 24.64 23.52 20.53 21.50 22.20 20.16 20.57 23.43 31.10 36.54 37.40 35.25 29.65 23.86 20.60 27.42 29.53 27.59 31.64 32.94 34.30 26.81 22.94 28.50 31.66 31.01 30.92 27.15 26.35 36.75 39.62 29.00 26.91 21.87 20.57 17.61 18.26 19.98 19.91 18.42 21.34 23.71 20.56 19.32 22.14 18.91 14.92 18.35 21.90 21.52 19.58 20.57 23.80 23.97
13.98 15.18 17.96 17.83 19.98 17.75 14.36 16.27 15.55 19.74 18.74 19.96 20.56 18.48 21.74 23.33 24.21 23.73 25.35 29.10 29.06 26.42 25.90 24.32 25.00 26.42 24.12 25.72 28.28 26.22 20.73 21.46 33.69 33.71 30.86 31.99 27.33 22.53 28.85 29.00 30.33 40.07 37.10 21.29 19.76 26.12 28.75 23.83 25.38 22.96 22.27 26.09 36.56 36.64 26.47 26.86 26.06 21.33 21.49 19.65 20.44 21.74 20.32 19.79 22.11 20.41 18.55 18.85 22.11 19.47 18.67 18.21 20.66 22.06 21.40 22.65 25.24
14.13 12.25 16.20 17.02 18.67 20.40 14.91 14.34 12.93 12.80 14.98 15.58 15.34 16.11 19.15 20.87 23.32 24.37 24.67 32.42 32.96 23.04 24.11 28.09 25.22 26.74 26.75 24.34 25.95 24.60 23.88 23.62 27.09 32.59 32.17 28.55 29.84 31.62 28.85 30.12 41.99 35.68 17.15 23.67 22.92 28.77 32.00 25.30 17.87 20.82 28.32 31.06 32.26 31.16 23.43 21.86 27.06 26.07 23.30 20.24 16.60 18.04 19.78 19.06 20.67 21.66 20.58 19.36 19.01 20.07 20.43 20.60 18.42 18.60 20.78 22.64 24.35
12.42 12.90 14.44 18.09 17.03 16.14 18.04 15.54 14.03 10.92 11.07 14.24 16.24 14.09 17.50 17.11 17.98 21.30 23.86 28.44 29.99 25.40 23.51 23.62 25.17 22.54 22.81 21.60 17.72 23.34 25.88 26.19 29.20 28.27 31.60 34.68 32.32 31.15 33.25 38.41 32.94 29.02 29.18 27.32 26.82 28.55 34.64 27.32 19.01 18.82 31.05 36.88 35.57 23.78 18.04 18.98 22.63 24.93 24.94 22.93 18.20 16.12 20.26 20.97 18.29 21.12 19.71 21.39 20.36 20.94 21.12 20.87 21.29 18.89 17.89 17.20 19.64
13.44 15.12 14.97 13.89 15.79 15.80 15.47 14.65 14.52 14.04 14.25 11.11 14.11 17.77 13.10 13.62 17.90 21.75 24.10 23.43 26.23 24.40 24.02 21.71 20.19 21.39 21.50 22.34 20.55 19.96 25.91 27.12 28.94 30.24 33.97 40.69 37.00 31.12 31.73 30.45 35.41 34.15 34.11 30.82 27.46 30.01 33.85 29.32 24.10 27.33 35.54 34.32 26.47 21.38 19.08 19.58 22.01 22.55 22.94 22.96 21.55 17.96 17.27 21.56 20.95 18.94 19.69 18.67 19.18 20.83 22.37 21.30 20.73 21.21 21.11 18.05 15.15
14.68 18.30 16.40 15.32 17.81 17.56 15.16 11.83 11.41 14.73 17.14 15.60 11.28 16.16 16.02 11.60 18.25 23.01 22.33 20.79 21.04 22.89 24.37 24.38 18.52 18.78 22.23 20.29 24.50 23.26 24.23 25.99 24.18 30.59 38.04 40.08 37.03 32.93 34.70 33.81 37.51 37.34 37.18 34.90 24.68 29.99 32.63 28.69 27.14 29.96 33.92 35.94 29.66 23.93 17.78 18.59 18.38 20.03 21.19 22.02 21.21 21.21 17.36 17.78 20.50 20.74 20.03 20.52 19.17 18.12 21.27 21.06 18.39 18.57 19.66 21.89 18.36
15.37 15.20 20.18 20.08 19.04 20.30 20.89 15.55 8.62 14.29 19.00 16.56 11.53 9.94 14.61 15.23 17.48 24.53 24.73 19.68 18.19 19.12 21.88 25.22 18.25 16.92 18.53 21.24 21.82 24.23 28.38 28.44 24.62 30.48 38.26 35.99 37.75 35.67 35.78 38.51 36.45 36.66 35.73 36.78 30.80 29.21 36.27 26.40 26.52 30.24 28.55 35.69 36.10 30.85 23.55 17.83 16.43 16.27 17.86 20.25 20.06 20.36 20.17 16.94 17.91 20.88 22.91 20.27 22.14 19.08 21.83 23.42 19.13 17.30 17.91 21.07 21.21
16.77 14.49 13.86 18.81 20.38 21.71 20.36 19.61 14.42 11.52 16.79 17.51 14.81 14.05 12.77 14.12 19.72 24.13 24.94 19.67 17.76 19.98 20.38 22.60 18.41 16.73 16.87 18.27 22.09 22.83 26.58 28.61 24.54 29.92 35.32 31.26 30.74 34.06 27.59 33.27 32.60 31.08 32.62 31.88 33.77 34.64 29.75 23.60 30.56 27.41 20.77 27.34 33.33 34.07 30.14 24.49 19.52 17.41 17.08 17.86 21.41 18.42 20.65 17.60 16.19 16.73 19.31 20.07 21.49 19.90 19.29 22.60 21.57 18.31 18.51 19.66 21.34
17.76 14.13 13.25 15.92 18.92 20.29 18.58 17.64 18.68 14.96 13.76 16.46 14.45 12.13 12.99 12.96 18.90 24.58 24.52 22.31 18.69 19.72 20.17 20.64 17.98 16.13 16.50 15.47 18.27 20.28 24.49 31.25 28.67 27.37 28.43 26.16 21.49 25.15 21.56 19.86 24.52 26.51 30.49 32.22 35.48 36.84 30.33 29.35 26.12 20.39 16.24 17.70 22.50 27.15 29.27 26.40 25.24 21.48 18.81 16.10 20.20 20.37 19.03 19.43 18.04 16.51 17.95 20.03 19.88 21.81 20.61 21.45 21.49 18.33 17.94 17.58 19.30
17.57 14.85 13.79 14.09 18.52 21.34 16.76 14.45 17.36 16.86 15.95 16.81 14.38 11.63 12.66 13.73 15.15 20.61 21.14 18.50 18.98 20.56 18.38 17.73 18.61 17.84 17.84 11.54 16.18 22.14 25.89 28.19 28.17 28.42 26.13 24.50 23.43 20.03 16.50 13.35 17.63 23.78 30.67 34.71 36.91 39.69 37.58 30.69 23.40 16.74 13.03 12.21 13.21 18.22 23.76 23.08 24.30 26.37 24.42 20.01 17.42 21.07 18.61 19.80 19.23 17.37 16.65 19.12 19.06 20.96 22.19 23.48 23.34 20.68 18.84 17.37 15.54
12.12 14.97 15.37 17.31 17.90 18.84 18.68 14.53 13.48 14.44 15.12 18.90 17.07 13.59 13.45 15.27 17.24 18.55 20.84 21.66 19.33 16.70 15.46 12.68 15.29 15.60 17.83 18.79 19.32 20.10 23.19 25.76 26.35 28.40 29.81 27.27 25.17 19.32 15.93 18.03 24.19 29.83 37.19 35.17 33.91 39.14 37.37 29.09 19.43 13.40 12.20 8.50 6.47 13.28 18.41 18.41 18.53 23.10 24.29 25.26 20.94 20.93 20.75 19.62 19.72 20.18 16.15 14.83 15.32 19.93 20.17 23.32 23.95 24.10 20.47 17.30 15.12
11.79 12.11 14.75 17.08 21.60 21.89 19.71 14.45 11.53 14.22 15.58 17.13 18.65 13.47 15.14 17.87 19.21 19.68 18.84 20.23 22.46 18.41 16.29 18.33 17.24 15.21 18.18 18.86 17.18 22.89 22.95 22.61 24.54 26.91 31.55 27.67 21.97 24.39 23.61 26.02 28.36 37.52 38.05 32.09 32.28 34.17 31.92 28.62 23.08 13.88 10.25 10.71 8.30 12.21 14.98 16.59 16.19 18.08 19.44 21.38 21.38 20.52 22.38 25.05 22.09 21.00 19.57 16.41 14.74 18.69 21.55 22.54 24.10 26.06 23.03 17.95 15.50
14.86 13.80 13.25 16.81 20.87 23.36 21.95 18.34 13.14 9.19 16.28 20.13 17.27 14.17 15.30 18.80 19.23 18.22 17.66 18.59 22.06 22.50 19.30 19.47 23.37 24.99 18.37 20.78 22.34 19.60 23.76 25.04 21.59 24.75 32.63 26.31 19.45 23.84 32.14 34.92 37.93 36.99 31.34 26.07 28.18 29.19 25.78 27.36 27.60 18.54 11.89 14.19 12.23 9.13 12.92 14.71 17.31 16.54 16.69 16.42 17.61 18.04 17.79 19.88 19.22 20.07 20.06 18.58 14.45 15.47 19.97 23.18 24.85 24.29 24.53 20.84 17.20
14.67 17.90 16.48 15.64 20.64 23.46 23.16 19.45 15.58 11.79 10.03 19.02 19.10 14.94 17.43 18.84 16.46 17.76 19.23 15.89 17.29 19.26 18.72 21.10 19.59 23.19 21.27 21.22 26.35 21.43 21.32 26.01 19.23 17.41 25.86 32.17 26.51 34.13 36.39 35.27 34.41 29.30 23.80 21.69 26.54 29.30 25.89 23.25 25.11 22.26 16.49 14.88 13.54 9.14 10.34 12.41 15.14 13.83 14.59 14.78 13.81 12.18 10.52 12.93 14.12 14.01 14.61 17.26 15.16 14.15 17.38 21.27 25.11 21.35 20.46 21.74 19.67
15.27 15.21 19.41 18.45 18.65 24.16 21.87 20.90 17.30 12.35 10.53 14.26 18.19 17.04 17.88 18.16 15.33 17.58 19.72 18.73 14.97 15.28 12.84 13.48 21.82 27.40 25.22 17.99 19.45 22.81 25.60 24.13 16.44 17.12 20.60 28.67 35.74 36.70 34.76 32.87 32.08 28.56 22.54 21.53 24.00 27.06 27.78 23.15 22.75 22.97 21.96 19.80 17.71 12.97 10.51 12.07 15.88 17.21 15.91 15.90 17.19 13.72 13.10 9.97 11.11 12.65 12.60 11.89 15.73 14.29 17.40 21.69 24.42 19.84 17.80 20.30 20.35
15.08 15.58 14.11 19.96 19.71 21.88 22.93 19.13 20.42 16.13 14.18 12.70 12.99 17.25 15.59 16.89 16.75 17.46 17.00 16.89 20.41 16.32 16.76 20.36 19.10 22.65 25.81 18.76 18.41 21.92 25.29 23.60 19.70 20.26 24.18 31.72 38.50 35.36 32.44 33.27 30.38 28.44 22.76 20.22 24.56 24.81 25.43 24.06 19.31 21.05 21.19 24.01 23.19 20.87 16.05 15.22 15.34 20.20 19.17 18.40 18.40 19.31 14.34 13.60 13.38 14.07 14.66 12.06 13.51 14.46 18.24 21.69 21.53 18.98 17.42 19.73 21.08
17.77 16.83 16.25 16.67 20.33 20.53 21.68 20.31 18.35 22.06 18.33 14.23 14.75 16.32 15.37 17.13 17.98 16.07 17.67 17.04 19.20 19.72 18.28 20.68 19.19 18.93 24.58 26.03 21.19 23.50 25.29 24.37 19.48 20.18 31.42 36.87 35.39 34.68 33.43 30.39 28.32 26.89 23.06 21.43 23.93 24.12 22.13 21.62 18.14 18.52 18.93 20.41 21.83 22.87 20.61 18.32 16.12 18.31 18.39 16.97 16.88 19.16 16.65 14.89 15.66 15.73 13.87 16.95 15.93 16.46 19.36 20.74 18.09 16.69 16.79 19.47 22.01
20.67 17.18 16.01 18.76 18.95 22.14 20.57 18.81 18.79 19.58 19.25 16.04 17.67 19.92 18.87 19.68 17.14 15.46 16.22 18.60 20.90 19.87 18.88 21.13 20.31 18.17 18.53 22.51 22.56 21.71 24.56 24.29 21.32 24.85 31.86 37.38 38.72 35.31 32.92 30.65 24.08 22.02 20.57 21.67 24.89 24.42 23.16 21.41 18.27 16.32 17.16 18.45 16.99 18.83 20.47 18.72 15.91 16.06 18.82 17.24 16.20 17.68 17.13 14.60 14.57 17.90 15.18 15.42 20.18 21.02 22.04 22.48 18.76 17.66 17.75 18.04 20.49
15.93 19.36 17.04 18.38 20.11 21.17 20.65 19.03 18.10 17.87 22.23 18.68 17.31 18.71 18.22 18.70 19.00 14.71 15.91 17.22 20.41 19.99 17.93 18.99 19.88 19.20 18.96 19.90 21.80 18.87 20.91 24.34 24.93 29.86 35.62 37.08 37.55 34.57 32.32 28.43 22.18 20.04 18.70 19.75 23.61 24.87 22.83 20.69 19.28 16.75 15.75 16.08 15.85 15.88 16.72 18.30 16.34 14.27 17.56 15.97 14.28 17.32 19.58 16.48 13.85 15.33 16.81 16.84 19.46 22.44 24.37 27.42 26.04 21.57 20.04 20.53 19.77
16.36 16.99 18.44 20.81 21.16 19.45 19.78 18.52 17.64 16.69 21.56 24.54 21.45 22.11 20.90 16.44 17.98 17.60 17.27 17.34 18.76 21.00 18.79 18.77 19.62 16.84 20.73 21.65 18.80 17.37 21.00 27.09 30.22 32.98 34.53 35.02 36.29 36.60 31.24 24.05 19.85 21.94 20.10 19.66 22.97 22.68 20.40 17.69 17.87 16.45 13.83 13.72 14.30 14.70 14.79 15.30 18.21 16.58 16.18 16.59 13.00 12.54 19.09 20.48 18.16 17.72 18.62 18.53 20.05 21.62 22.67 23.05 27.23 25.65 22.61 22.88 21.23
15.75 17.90 18.99 22.03 22.87 19.26 17.52 16.23 14.01 16.46 16.66 23.73 27.17 24.08 21.16 21.47 17.87 19.96 18.76 16.46 18.85 22.64 22.19 18.73 17.79 17.56 19.14 20.77 20.59 21.80 21.22 25.87 29.36 36.60 38.54 33.86 33.81 36.00 29.63 23.30 20.52 22.01 22.70 19.15 21.78 22.71 21.32 18.67 15.73 15.53 13.59 14.07 13.38 15.31 16.59 14.80 16.58 19.51 17.75 17.07 16.57 14.12 16.39 19.25 18.47 17.40 17.20 15.83 18.70 20.38 21.61 20.90 21.45 24.02 24.31 22.27 24.18
16.17 17.16 21.78 21.77 22.03 21.35 18.46 18.04 12.70 13.50 13.38 20.43 24.32 27.56 23.92 21.28 19.45 18.73 20.76 17.75 18.32 20.26 20.80 20.31 21.87 20.41 17.17 18.55 18.28 21.86 25.20 29.53 34.18 36.71 38.01 35.53 31.45 28.48 27.28 22.30 21.52 24.34 25.27 20.75 22.16 23.02 20.66 18.75 17.28 18.16 15.08 15.87 16.07 14.60 18.15 18.67 17.44 19.36 22.08 17.69 16.82 16.71 14.97 18.36 16.63 15.44 15.53 13.99 13.61 18.11 19.27 19.98 18.59 21.49 24.11 21.56 24.87
17.22 17.82 20.11 21.26 21.20 21.08 19.25 20.86 19.53 13.57 12.71 17.78 25.98 25.51 24.59 20.97 21.14 21.01 20.45 17.37 19.80 19.81 20.37 18.94 18.75 21.12 17.99 16.07 20.04 22.32 25.36 29.44 33.70 37.30 37.92 36.12 32.73 27.39 23.53 20.33 19.63 23.61 25.36 22.29 20.28 24.63 24.09 21.57 17.03 17.67 18.62 17.49 17.39 15.58 14.41 17.27 18.97 17.25 22.61 21.82 15.99 17.16 13.29 15.37 16.78 14.44 15.44 16.75 14.79 15.61 17.48 18.39 17.53 17.63 20.31 22.71 20.09
17.71 21.69 18.28 20.79 23.39 18.50 18.19 18.10 20.38 14.22 15.49 11.94 24.31 26.38 22.97 22.02 22.66 21.70 21.22 19.73 20.92 20.46 18.20 20.82 22.36 20.42 17.14 16.63 17.71 24.64 27.69 29.50 32.92 37.44 37.17 33.54 31.54 26.87 24.05 20.43 18.73 23.19 22.82 22.77 21.05 21.14 22.85 23.28 22.39 18.55 16.31 18.48 18.45 16.65 15.58 14.45 18.44 18.34 17.68 20.80 16.77 15.90 16.86 15.84 16.39 15.44 16.30 16.93 17.55 15.97 17.42 16.65 16.58 16.29 15.88 19.24 17.70
18.26 19.57 18.48 20.26 24.04 22.73 15.83 13.70 17.27 13.62 14.77 16.07 20.19 23.32 22.70 21.28 20.45 21.88 22.58 22.52 20.35 19.44 18.06 19.96 20.05 24.45 19.95 18.52 21.72 25.88 28.86 30.34 33.04 37.47 36.00 31.67 29.77 24.73 21.53 20.60 19.47 22.06 23.19 21.82 21.62 16.69 19.63 21.31 23.06 19.88 17.78 17.20 21.62 18.02 19.81 20.03 19.98 18.92 18.63 18.66 17.17 14.42 16.87 19.03 19.03 17.47 18.09 17.33 18.15 16.49 16.82 17.32 16.59 16.12 15.14 14.56 15.87
