Slope_clipped.asc
NCOLS 451
NROWS 307
XLLCORNER 778910.0000000000
YLLCORNER 205282.0000000000
CELLSIZE 2.000000
NODATA_VALUE -99999.00
[rows 238 to 271 of 307, columns 231 to 307 of 451]
16.49 16.08 12.91 12.03 11.20 10.96 12.13 12.56 12.56 14.14 12.73 12.51 14.22 14.94 15.89 14.62 13.97 16.91 14.33 15.49 15.33 15.41 14.74 15.21 15.67 14.74 16.05 16.14 15.22 15.64 18.09 18.50 14.62 13.51 14.62 15.78 15.42 16.80 16.71 15.67 16.38 18.32 18.25 17.74 15.92 16.90 18.02 20.81 19.05 16.86 17.44 18.87 14.41 13.48 13.63 14.20 13.30 15.32 17.05 17.92 20.15 20.10 20.26 20.92 20.86 20.24 20.06 18.59 18.65 18.37 18.80 21.82 27.42 28.95 24.89 26.85 29.14
18.94 18.31 14.56 12.96 12.97 12.44 12.22 13.02 13.45 13.95 14.55 13.90 14.55 14.70 15.10 16.00 14.46 16.72 16.06 15.49 13.85 15.01 15.33 14.93 14.15 15.36 15.91 18.53 16.02 14.99 16.82 18.81 15.37 15.01 12.08 13.98 14.87 14.61 16.97 16.75 14.59 17.35 15.27 17.31 14.96 16.47 16.76 17.89 18.44 18.67 16.27 18.72 20.70 18.63 14.10 15.34 16.25 16.20 18.59 16.47 17.76 19.20 20.19 20.85 21.00 19.97 19.65 18.56 18.56 19.56 19.60 21.35 24.60 28.16 29.52 32.15 31.80
19.86 19.56 15.12 12.23 12.34 12.24 12.56 13.25 14.24 14.85 15.45 15.34 15.08 14.72 13.86 14.73 13.92 14.86 15.68 15.01 15.88 12.96 13.45 14.33 14.12 13.76 14.62 17.57 20.05 17.62 18.12 20.06 17.61 15.42 15.23 11.53 13.81 12.91 14.12 18.50 15.39 16.07 14.92 16.11 15.24 14.21 15.66 19.24 19.41 18.55 18.83 17.83 17.30 18.92 16.22 14.74 17.24 13.29 16.42 17.65 16.73 17.42 18.42 19.96 20.42 19.89 19.07 18.47 19.17 19.59 20.44 21.14 27.19 32.54 33.72 31.24 27.22
16.18 18.31 16.46 12.95 11.70 12.10 12.40 12.77 13.91 14.72 14.92 15.04 15.40 15.00 13.74 15.54 15.74 14.28 14.43 13.78 17.17 15.68 14.60 14.72 13.85 13.81 13.99 15.11 18.44 18.06 19.17 21.07 20.87 16.56 18.59 18.30 14.67 15.48 13.93 15.17 19.26 17.20 17.35 16.02 17.21 13.78 13.53 16.52 19.68 17.62 19.48 18.12 14.46 14.05 17.06 15.08 12.92 13.46 14.24 17.29 16.82 16.34 16.18 17.60 19.10 19.89 18.97 18.81 19.56 19.79 20.84 23.85 30.68 35.70 33.54 25.65 25.53
15.66 16.34 16.83 15.25 12.64 12.49 12.75 12.40 12.90 14.13 13.38 13.89 15.03 14.78 12.97 12.86 15.41 15.02 15.10 13.04 14.78 16.60 13.88 16.90 16.51 14.85 14.26 14.73 16.20 16.76 15.93 20.30 22.65 19.36 16.98 20.94 18.84 16.24 16.52 14.49 18.26 20.48 21.11 16.17 18.92 15.79 15.16 13.64 13.70 14.03 14.53 18.01 16.81 14.35 15.64 17.67 15.40 14.66 12.94 14.37 14.67 14.91 15.16 15.53 16.76 17.68 17.25 18.50 19.24 19.91 22.78 28.47 34.32 37.09 32.03 28.86 30.20
16.90 16.61 15.36 15.49 14.65 13.60 13.62 14.03 14.13 14.25 14.08 12.48 13.58 14.69 13.86 12.74 14.05 13.49 13.59 13.98 13.00 15.62 14.06 12.24 16.71 16.44 13.90 15.05 17.68 17.17 16.03 17.39 21.37 22.73 19.38 17.27 20.51 18.33 17.61 14.24 15.00 18.77 22.32 19.96 19.56 16.88 15.97 14.91 14.09 14.28 12.38 16.65 18.31 16.49 14.31 16.12 16.10 15.55 13.50 15.16 15.40 15.11 14.93 15.13 15.49 15.52 15.47 16.94 18.57 20.26 26.17 32.75 36.26 36.86 31.50 30.09 28.41
16.84 17.36 15.36 14.48 15.21 14.22 13.76 14.18 14.53 15.21 15.78 13.03 12.42 14.00 15.63 14.24 13.85 14.01 12.97 14.83 14.79 14.99 15.60 14.13 14.08 15.34 15.58 11.42 15.48 17.33 15.59 16.01 18.04 21.64 24.39 21.63 22.03 19.91 19.84 19.45 14.75 14.16 17.01 22.08 18.84 17.18 14.39 16.54 15.74 16.60 17.30 14.03 18.01 18.27 14.78 16.98 16.03 13.99 13.81 15.61 16.00 15.42 14.68 14.66 15.42 15.25 15.77 17.20 18.82 23.58 31.24 35.21 36.96 34.64 30.32 24.62 23.33
15.95 16.18 14.76 14.36 13.86 13.64 13.61 12.59 12.04 13.93 15.84 14.69 12.99 12.41 15.77 16.64 14.47 14.77 13.05 12.57 14.04 15.57 14.90 15.34 16.31 15.52 15.41 14.30 12.75 16.76 15.74 15.46 15.95 18.28 21.26 24.43 23.92 20.55 18.32 18.03 16.07 14.58 13.50 18.50 19.57 20.28 16.49 16.64 17.11 17.55 18.43 16.75 16.31 18.46 16.57 16.34 17.00 15.43 14.84 14.79 15.08 15.07 14.61 14.21 14.76 15.16 16.42 19.07 21.27 28.93 34.41 35.06 34.52 31.88 27.21 22.39 22.79
16.83 15.24 14.61 13.84 12.86 13.28 12.60 12.78 11.76 12.62 14.60 13.52 14.20 13.31 13.29 16.08 15.00 14.52 13.67 12.57 14.08 15.42 16.13 14.85 15.44 17.19 14.75 16.15 15.77 15.17 18.31 17.76 16.66 18.53 17.18 18.31 23.31 21.16 19.14 18.17 15.31 14.18 14.57 16.89 17.53 19.73 22.81 20.47 17.77 20.29 18.18 19.52 17.41 17.20 19.88 16.70 16.41 15.92 15.59 14.46 14.58 14.75 14.74 14.47 14.21 14.90 17.48 18.29 23.61 30.80 34.96 32.68 31.24 29.94 22.93 23.42 20.71
16.16 15.14 13.85 13.38 12.51 13.56 12.50 12.37 12.29 13.42 14.81 12.45 10.45 15.02 14.04 15.13 15.37 15.39 15.88 14.95 14.91 14.97 15.46 14.73 15.36 15.68 13.89 13.45 15.42 13.54 16.42 18.41 17.33 19.59 20.11 18.10 18.62 21.05 20.01 21.15 19.28 19.01 17.05 18.11 20.10 17.66 17.65 19.98 18.72 18.49 20.09 18.04 17.15 16.74 18.32 15.08 17.52 16.10 14.76 14.45 14.64 14.68 14.71 14.52 14.43 14.83 16.75 18.97 27.14 33.58 32.35 28.20 30.55 26.34 21.80 21.68 15.95
13.18 13.52 12.85 12.62 12.11 12.33 15.03 12.99 12.63 14.09 16.13 15.71 10.42 11.17 17.00 16.59 16.08 15.66 15.72 16.67 15.27 16.13 15.62 14.18 15.53 15.67 14.34 12.35 12.37 12.48 13.07 18.34 18.81 16.80 18.22 19.25 18.81 17.60 19.73 20.54 19.78 17.99 18.96 16.69 18.94 19.95 15.08 15.17 17.68 16.33 19.84 18.73 16.51 16.01 16.08 16.72 14.55 15.63 14.19 14.41 14.68 14.68 14.57 14.42 14.66 15.26 17.23 24.49 31.97 31.44 26.23 29.55 30.87 26.49 22.84 21.23 15.59
12.93 11.99 12.71 12.00 13.47 10.65 13.67 14.31 13.19 13.52 15.52 14.90 16.80 9.91 11.85 16.49 17.34 16.23 14.67 14.18 13.06 14.75 15.89 14.65 15.02 16.82 15.67 14.37 12.98 12.84 11.30 16.53 18.78 16.25 19.99 19.22 20.87 17.23 17.54 19.75 20.45 17.95 17.77 18.68 17.34 19.17 20.27 16.78 18.26 18.02 16.46 18.46 16.89 14.21 12.75 17.59 16.52 15.19 14.46 14.28 14.42 14.33 14.10 14.30 14.87 16.20 21.40 30.54 31.60 27.57 30.62 33.93 31.17 25.37 22.82 22.20 20.50
12.82 12.03 13.14 11.79 13.33 13.67 12.79 14.56 14.32 14.75 14.24 13.15 16.13 15.30 11.02 12.16 15.12 16.77 16.27 14.98 13.07 13.61 16.25 14.67 13.58 14.96 15.79 15.71 15.31 14.10 12.48 13.65 19.10 17.33 18.60 20.44 22.43 21.02 17.30 19.05 21.03 21.22 18.83 18.56 20.26 17.98 21.43 17.62 16.65 16.46 15.40 18.07 17.82 15.90 15.43 14.02 15.78 14.57 14.47 14.66 14.86 14.13 13.71 14.01 14.96 18.46 26.25 30.54 27.92 29.42 32.48 32.81 26.02 18.76 20.41 19.51 21.67
11.13 11.12 12.28 13.82 11.93 15.60 14.17 13.72 15.57 16.52 16.26 14.31 13.03 15.31 13.64 13.45 11.31 13.98 15.69 16.55 15.34 12.68 15.78 17.41 14.94 14.47 15.19 15.38 18.14 16.07 15.12 13.76 15.71 19.56 19.86 16.57 18.47 20.00 17.51 16.53 20.02 21.60 19.01 18.73 19.24 17.78 20.81 20.08 16.62 15.94 14.65 15.64 18.43 17.55 19.17 17.37 15.69 14.29 14.14 14.60 15.59 15.76 14.50 13.14 15.76 20.57 26.38 27.57 29.70 29.61 32.68 28.73 17.12 12.90 12.94 13.31 14.57
11.85 11.40 12.28 15.30 12.80 16.23 18.70 15.56 14.08 15.53 15.93 16.64 14.16 16.01 13.72 15.31 13.73 12.29 12.89 14.23 16.28 15.74 13.01 16.39 17.27 17.56 16.75 14.74 16.78 16.94 15.63 13.21 12.30 14.84 18.66 20.14 17.41 17.47 16.91 16.77 16.52 20.22 19.96 19.41 18.75 16.18 16.50 19.07 17.89 17.89 16.80 13.81 16.27 17.23 16.10 16.19 16.43 14.50 14.06 14.20 14.82 16.22 16.23 15.44 17.05 21.68 26.33 31.33 32.78 31.62 31.62 19.00 11.69 9.59 8.94 7.01 7.26
15.10 13.22 13.72 13.48 14.14 12.86 17.41 19.80 16.68 15.52 14.22 15.35 15.13 14.81 15.79 15.02 17.87 16.15 15.90 14.47 13.95 16.19 16.62 14.73 16.01 17.32 18.82 16.78 15.09 18.78 16.24 12.19 11.53 16.37 13.40 17.35 18.89 18.57 15.26 15.89 15.13 14.69 19.02 17.96 17.33 17.33 15.16 18.54 17.90 16.50 18.33 16.36 14.79 14.95 15.27 15.27 15.45 15.20 14.39 14.12 14.37 14.85 15.82 18.63 18.26 23.07 30.25 35.39 33.61 32.01 25.20 13.12 10.18 12.41 10.04 8.44 8.86
14.77 12.89 12.56 12.14 12.72 10.63 12.85 16.74 18.05 17.96 17.72 16.30 17.62 15.02 14.78 14.72 17.45 19.33 18.72 17.85 15.21 14.07 16.10 16.49 15.71 15.06 15.43 18.23 16.11 17.90 18.07 14.81 13.02 15.46 15.93 15.37 16.94 18.48 16.42 16.14 15.98 15.13 15.96 15.36 15.81 16.16 15.37 16.75 17.21 16.31 17.47 18.13 16.88 17.12 14.32 16.29 15.47 15.33 15.02 14.31 14.34 14.63 15.77 18.06 19.78 27.69 34.54 35.79 33.37 28.99 16.94 11.04 11.08 16.91 17.55 16.08 14.41
10.67 10.12 9.10 10.66 11.19 10.34 14.00 13.32 15.16 16.21 18.07 17.22 18.52 17.90 17.33 15.93 15.38 20.74 21.18 21.15 18.58 15.77 15.84 14.99 16.45 15.45 14.10 15.51 16.05 14.95 16.81 18.13 16.03 15.55 17.59 15.82 17.36 17.88 16.52 15.65 17.87 19.28 17.32 16.38 15.56 15.32 14.19 13.49 15.72 16.91 16.94 16.82 17.57 18.86 17.76 16.29 15.91 15.31 15.37 14.98 14.54 15.42 16.13 16.21 22.04 30.73 33.72 34.34 32.16 22.79 17.13 14.78 19.88 23.81 25.00 23.55 19.59
6.73 8.24 9.03 9.99 10.11 8.93 13.14 14.99 13.29 11.68 12.62 16.61 17.21 16.03 17.33 18.38 16.10 16.85 21.62 22.75 22.12 19.87 19.98 16.52 16.72 16.43 16.51 15.66 17.08 15.98 17.83 17.89 17.52 15.61 16.73 16.34 15.62 17.57 17.19 16.03 16.32 17.04 16.62 16.94 17.96 15.68 16.34 16.45 16.34 14.85 16.44 15.71 17.24 15.85 18.37 17.18 16.99 16.24 15.98 16.32 16.03 16.16 16.77 17.59 24.39 29.65 32.40 34.03 29.29 21.42 21.85 22.51 28.06 31.53 25.37 24.27 21.11
8.64 8.46 9.38 11.37 11.91 9.56 8.45 14.30 14.59 14.08 9.12 14.21 16.92 16.53 14.25 15.30 17.45 15.57 17.90 21.51 21.49 21.58 19.59 21.82 19.25 20.04 20.75 18.58 17.19 17.51 18.96 17.23 19.79 16.99 16.63 17.01 14.35 15.12 15.47 16.03 16.30 14.51 15.71 16.00 18.25 16.47 15.90 16.21 15.48 15.46 14.02 15.89 15.31 17.95 18.09 17.79 18.03 17.96 18.08 18.11 17.45 16.48 17.41 20.29 23.69 30.55 33.33 33.29 29.46 20.57 23.00 26.43 32.05 27.84 20.94 20.76 20.98
11.74 12.36 10.14 9.94 12.55 11.26 8.71 12.28 12.67 15.91 14.34 9.72 13.86 14.42 14.74 13.37 13.53 16.04 17.41 19.14 20.54 20.49 19.01 22.33 22.66 22.14 21.72 19.76 17.78 16.03 17.78 18.40 18.33 18.82 16.75 20.38 17.06 17.19 15.44 14.29 15.36 15.21 13.97 14.15 15.53 19.49 14.53 14.13 14.44 15.12 16.80 17.73 14.21 17.48 20.06 19.21 19.42 20.29 20.97 20.75 19.91 18.33 18.78 20.37 25.37 33.20 33.54 34.21 27.62 21.41 24.93 29.05 29.96 18.71 19.36 20.17 23.87
12.73 13.67 13.20 10.94 11.51 11.57 11.04 11.27 11.49 13.47 13.84 10.00 11.12 11.23 12.14 14.52 14.10 14.66 17.25 19.24 20.36 20.06 21.74 21.35 21.00 21.93 22.51 22.37 21.47 20.99 18.33 22.36 17.99 18.57 14.19 17.06 19.34 18.66 16.92 15.97 14.04 17.13 14.94 16.16 12.83 17.91 17.83 20.25 21.16 16.04 16.54 15.83 17.78 16.30 20.46 20.89 20.57 22.08 22.70 23.29 23.01 21.10 20.20 20.98 28.46 34.58 34.08 33.39 26.91 25.08 26.55 29.34 22.61 16.82 18.26 19.89 26.24
10.61 9.89 11.68 12.38 11.03 11.07 10.56 11.90 11.62 11.45 12.70 11.33 9.29 11.27 10.29 11.53 13.72 15.09 12.49 16.35 17.91 17.16 19.33 17.94 17.01 16.98 16.81 20.13 19.93 22.74 20.53 22.68 22.69 19.33 17.95 13.33 16.08 19.61 18.24 17.28 16.28 16.43 15.49 16.69 16.86 17.30 19.89 22.55 24.70 25.05 19.60 17.22 19.25 20.67 19.68 19.54 16.65 19.41 23.39 25.16 24.24 23.09 21.69 22.01 31.22 34.79 33.42 32.62 30.09 27.39 24.32 20.13 12.03 11.30 12.77 13.62 19.66
8.38 8.31 9.55 10.29 11.05 10.08 8.71 10.84 12.65 10.12 11.65 12.70 10.56 9.92 10.48 11.30 12.25 13.45 13.44 11.16 13.91 14.00 13.28 15.87 16.96 14.23 13.47 14.34 16.59 16.68 20.73 23.57 25.12 22.95 20.08 18.78 15.49 15.21 20.29 17.07 18.46 17.92 17.49 14.50 16.88 17.26 22.43 21.24 23.75 28.36 25.33 27.20 21.95 20.77 18.14 17.05 12.01 12.30 18.64 24.25 23.80 24.44 23.46 25.85 33.12 33.81 33.42 34.58 29.03 20.22 13.74 9.02 8.54 8.16 10.30 10.92 10.31
10.92 8.75 10.42 10.06 10.56 9.99 8.68 9.22 12.16 10.05 10.61 11.60 12.16 10.63 10.45 11.89 12.09 11.86 15.52 13.44 11.89 14.61 10.47 13.83 15.66 17.19 18.74 15.68 16.26 15.46 17.77 19.79 23.74 24.55 22.70 17.40 18.87 14.70 19.08 20.43 19.98 19.50 21.29 19.45 18.54 18.55 22.64 23.49 26.48 28.99 28.11 28.96 27.36 21.77 20.62 19.72 17.02 12.56 14.63 18.88 23.26 24.29 24.19 29.58 32.85 32.70 33.55 31.35 18.45 8.91 8.21 7.13 9.46 11.65 13.81 15.16 12.74
13.45 11.44 10.91 12.34 11.91 11.33 9.92 9.93 11.36 10.60 9.62 10.60 11.69 12.63 12.94 12.16 11.45 12.25 14.57 16.01 14.94 16.89 15.36 13.58 16.00 18.00 16.58 16.46 17.72 16.13 16.84 17.32 17.38 18.26 23.51 20.19 18.00 17.30 17.52 20.66 21.54 22.96 22.85 20.01 21.30 20.06 21.82 22.95 26.98 27.08 30.41 29.51 33.55 30.30 29.10 28.16 27.44 22.79 19.71 18.76 23.55 24.31 25.84 29.45 31.61 32.31 32.69 26.57 11.90 7.09 9.38 11.42 12.97 15.22 16.29 20.88 21.08
13.27 12.25 11.14 12.96 13.88 14.56 12.85 13.29 13.93 13.16 10.54 13.31 13.52 16.09 15.48 13.46 13.02 15.05 16.07 15.87 17.30 17.86 21.84 18.88 21.83 18.00 15.46 17.18 16.43 15.75 14.71 20.06 20.36 17.24 18.55 24.12 20.85 20.89 16.94 19.11 18.55 21.44 22.24 17.62 17.63 19.11 19.34 20.31 21.65 24.50 27.56 29.04 34.17 33.77 33.53 33.33 32.25 29.43 28.69 23.63 23.35 24.76 26.99 28.55 31.80 33.45 31.31 18.39 9.42 9.96 13.78 16.26 16.29 15.99 16.41 19.64 25.82
14.62 13.07 13.41 12.46 11.73 14.62 12.55 12.30 16.67 16.82 13.64 13.40 16.56 16.71 15.50 13.62 13.07 15.01 16.47 15.71 15.49 17.95 18.89 17.90 20.31 20.83 15.27 13.60 14.21 16.50 12.99 16.64 22.30 21.19 18.24 18.45 17.62 17.84 17.44 17.23 17.49 15.38 19.89 19.92 15.09 20.16 13.55 15.32 15.84 19.52 20.21 20.04 22.98 29.33 28.14 29.46 31.17 32.38 30.63 25.21 23.49 23.64 25.59 29.81 34.57 31.65 22.13 10.61 12.68 16.44 17.38 16.83 16.11 15.22 16.38 17.30 25.98
14.64 13.56 14.30 14.29 10.29 12.04 13.61 11.53 13.92 17.25 16.86 14.07 16.98 14.51 14.73 13.91 14.22 12.14 15.63 17.12 14.94 14.61 14.97 12.75 12.53 18.68 17.34 14.90 12.32 15.61 16.13 11.73 17.11 20.25 19.69 18.60 18.66 14.81 13.55 14.85 19.00 17.24 16.29 19.62 18.63 18.24 14.79 13.14 11.58 12.22 15.82 15.45 16.11 22.54 23.77 22.69 25.63 29.97 27.67 23.91 21.80 21.55 27.05 33.76 30.60 20.74 12.50 10.69 15.19 18.28 15.58 14.47 13.56 12.98 13.63 16.00 25.54
14.14 12.46 10.67 13.63 13.69 10.04 12.68 13.04 13.82 15.89 17.42 19.52 17.50 17.87 17.80 15.93 16.17 14.86 15.69 17.45 16.07 13.28 14.60 14.29 10.98 12.95 14.66 15.19 16.59 14.25 17.28 13.88 11.33 13.59 15.27 16.68 20.26 20.50 15.87 13.59 17.64 21.17 18.99 17.12 16.04 15.60 18.76 14.20 13.67 11.65 14.93 20.34 19.62 19.42 21.23 20.16 21.83 22.26 22.92 22.34 19.08 23.00 31.77 31.68 18.61 12.34 9.67 12.89 16.63 14.82 12.61 12.29 11.75 11.95 12.09 17.81 24.18
14.42 15.31 12.17 10.58 13.94 12.00 12.38 11.00 12.54 15.40 16.76 18.85 17.54 19.45 18.26 17.73 16.53 17.86 15.44 16.63 15.35 14.87 14.94 17.47 15.76 14.01 15.31 12.72 15.65 16.76 16.84 17.30 17.63 14.01 14.86 13.82 14.15 19.14 17.58 16.44 13.81 16.25 22.16 19.04 17.27 17.41 18.11 18.60 18.79 15.00 14.26 18.61 19.52 19.72 19.03 19.87 20.26 20.11 19.35 19.60 19.20 26.30 27.52 15.89 10.33 7.69 11.71 15.52 14.37 10.41 9.75 10.38 11.10 11.91 13.95 18.29 23.40
14.79 17.06 15.24 12.88 11.13 11.80 11.26 12.78 10.86 14.26 15.46 18.10 16.45 17.31 15.73 17.02 17.65 16.50 15.79 16.19 17.78 15.01 14.91 16.96 18.55 17.59 16.01 15.73 16.00 16.53 18.49 16.03 16.42 19.75 18.13 19.58 18.89 20.57 20.47 20.34 18.33 16.90 18.47 23.08 21.29 19.00 17.58 20.03 16.05 15.79 12.67 10.47 14.85 19.53 18.04 20.37 18.44 16.53 18.59 19.73 23.16 23.19 12.36 2.71 5.22 8.72 14.54 14.24 10.88 8.66 8.56 9.06 10.53 11.31 13.66 18.83 21.46
17.17 16.57 18.19 16.71 13.29 13.43 11.30 12.16 12.57 13.12 15.90 16.24 16.70 16.10 16.01 15.01 14.51 15.10 16.61 15.45 16.38 15.45 15.81 13.82 15.79 18.51 18.03 14.40 15.33 16.10 17.70 20.08 14.45 16.33 18.02 18.12 21.26 21.33 23.20 23.27 21.18 22.10 20.11 22.84 23.53 20.05 17.50 18.41 13.84 15.66 11.25 6.94 10.13 17.61 19.08 17.06 14.57 14.38 17.11 20.57 19.94 13.56 6.74 5.05 5.92 12.67 14.08 12.30 10.70 8.63 8.97 9.90 10.61 11.14 11.46 17.53 19.89
16.37 14.06 16.68 16.64 16.04 13.79 14.36 11.92 12.77 12.43 13.79 13.05 15.31 14.91 16.53 14.05 11.53 12.77 12.89 14.45 14.81 13.31 11.84 13.69 11.59 15.78 17.23 17.02 13.32 14.68 18.53 21.45 21.16 18.24 20.39 22.23 20.90 21.84 26.76 28.78 27.66 26.13 26.92 25.34 22.56 21.19 21.83 18.68 15.22 13.75 14.55 7.93 7.84 10.84 18.33 14.01 11.89 13.39 12.71 12.87 9.71 6.63 6.43 5.86 7.76 12.83 13.83 12.30 11.20 8.98 9.32 9.55 9.56 9.95 11.22 15.02 18.69
